A4
B8
40
01
96
90
40
01
8C
60
40
01
82
38
40
01
76
0C
40
01
6A
00
40
01
5E
00
40
01
54
58
44
01
4E
2C
44
01
44
F8
33
01
38
D0
33
01
2C
A0
33
01
22
78
33
01
16
48
33
01
0A
20
33
01
02
E8
32
01
00
C0
32
01
20
99
32
01
16
69
42
01
0A
41
42
01
FE
20
42
01
F2
F0
41
01
E8
B8
41
01
DC
8C
41
01
CE
68
41
01
C4
48
41
01
B6
18
41
01
AC
F0
40
01
A0
C0
40
01
96
90
40
01
8C
60
40
01
80
30
40
01
74
0C
40
01
68
00
40
01
5C
70
44
01
54
48
44
01
4C
18
34
01
40
F0
33
01
34
C4
33
01
28
98
33
01
1C
68
33
01
10
38
33
01
04
10
33
01
00
D8
32
01
00
B0
32
01
1C
89
32
01
10
59
42
01
04
31
42
01
F8
00
42
01
EC
D0
41
01
E0
A0
41
01
D4
70
41
01
C8
50
41
01
BC
30
41
01
B2
00
41
01
A8
D8
40
01
9E
A8
40
01
90
78
40
01
88
50
40
01
7C
20
40
01
70
04
40
01
64
00
40
01
58
68
44
01
54
38
44
01
48
10
34
01
3C
E0
33
01
30
B0
33
01
24
80
33
01
1A
58
33
01
0E
28
33
01
03
F8
32
01
00
D0
32
01
00
A8
32
01
1A
81
32
01
0E
49
42
01
02
29
42
01
F6
F8
41
01
EA
CC
41
01
DE
98
41
01
D2
70
41
01
C8
50
41
01
BC
28
41
01
B0
00
41
01
A6
C8
40
01
9A
A0
40
01
90
70
40
01
84
40
40
01
7A
18
40
01
6C
00
40
01
60
00
40
01
54
58
44
01
50
30
44
01
44
F8
33
01
38
D0
33
01
2C
A0
33
01
22
78
33
01
14
40
33
01
0A
20
33
01
00
E8
32
01
00
C0
32
01
1E
99
32
01
16
69
42
01
0C
41
42
01
FE
20
42
01
F4
F0
41
01
E8
B8
41
01
DC
94
41
01
D0
68
41
01
C6
50
41
01
B8
20
41
01
B0
F4
40
01
A4
C0
40
01
98
98
40
01
8C
68
40
01
82
40
40
01
76
0C
40
01
6A
00
40
01
5E
00
40
01
54
50
44
01
4E
28
34
01
42
F8
33
01
36
C8
33
01
2A
98
33
01
20
70
33
01
12
40
33
01
08
18
33
01
00
E0
32
01
00
C0
32
01
1E
95
32
01
12
61
42
01
06
39
42
01
FC
10
42
01
F0
E8
41
01
E6
B4
41
01
DC
88
41
01
CE
58
41
01
C4
48
41
01
B6
18
41
01
AC
F0
40
01
A0
B8
40
01
96
90
40
01
8A
60
40
01
80
30
40
01
74
0C
40
01
68
00
40
01
5C
70
44
01
54
48
44
01
4C
18
34
01
40
F0
33
01
34
C0
33
01
28
98
33
01
1C
68
33
01
10
38
33
01
04
10
33
01
00
D8
32
01
00
B8
32
01
1C
89
32
01
10
59
42
01
04
31
42
01
F8
00
42
01
EC
D0
41
01
E2
A0
41
01
D4
74
41
01
C8
50
41
01
BE
30
41
01
B2
08
41
01
A8
D8
40
01
A0
A8
40
01
90
7C
40
01
88
50
40
01
7C
20
40
01
70
04
40
01
64
00
40
01
5A
70
44
01
54
40
44
01
48
10
34
01
3C
E0
33
01
30
B4
33
01
24
84
33
01
18
58
33
01
0E
28
33
01
03
04
33
01
00
D0
32
01
00
A8
32
01
1A
81
32
01
0E
51
42
01
02
29
42
01
F6
F8
41
01
EA
D0
41
01
E0
A0
41
01
D4
70
41
01
C8
50
41
01
BA
28
41
01
B0
00
41
01
A6
D0
40
01
9A
A8
40
01
90
78
40
01
86
48
40
01
7C
20
40
01
6E
04
40
01
62
00
40
01
56
60
44
01
52
30
44
01
46
08
34
01
3A
D4
33
01
2E
A8
33
01
22
80
33
01
16
48
33
01
0A
20
33
01
02
F0
32
01
00
C8
32
01
22
A1
32
01
18
79
42
01
0C
41
42
01
00
21
42
01
F4
F0
41
01
E8
B8
41
01
DC
90
41
01
D0
68
41
01
C6
50
41
01
B8
20
41
01
B0
F8
40
01
A6
C0
40
01
98
98
40
01
8E
68
40
01
82
40
40
01
76
10
40
01
6C
00
40
01
5E
00
40
01
54
50
44
01
4E
28
34
01
42
F8
33
01
36
D0
33
01
2C
A0
33
01
20
78
33
01
14
40
33
01
0A
20
33
01
00
E4
32
01
00
C4
32
01
22
A1
32
01
14
69
42
01
0A
41
42
01
FE
18
42
01
F2
F0
41
01
E6
B8
41
01
DC
90
41
01
D0
60
41
01
C4
48
41
01
B6
20
41
01
AC
F0
40
01
A2
C0
40
01
96
90
40
01
8C
60
40
01
80
30
40
01
74
0C
40
01
68
00
40
01
5C
70
44
01
54
48
44
01
4C
18
34
01
40
F0
33
01
34
C0
33
01
26
90
33
01
1A
68
33
01
10
38
33
01
04
10
33
01
00
D8
32
01
00
B4
32
01
1C
81
32
01
10
59
42
01
04
31
42
01
F8
00
42
01
EE
D0
41
01
E2
A8
41
01
D6
74
41
01
CA
50
41
01
C2
38
41
01
B4
10
41
01
AA
E0
40
01
A0
B0
40
01
92
80
40
01
88
50
40
01
7C
20
40
01
70
04
40
01
62
00
40
01
56
60
44
01
52
38
44
01
48
08
34
01
3C
D8
33
01
30
A8
33
01
24
80
33
01
18
58
33
01
0C
28
33
01
02
F8
32
01
00
D0
32
01
24
A9
32
01
18
81
32
01
0E
49
42
01
02
25
42
01
F6
F8
41
01
EA
D0
41
01
E0
A0
41
01
D4
70
41
01
C8
50
41
01
BE
30
41
01
B2
08
41
01
A8
D0
40
01
9E
A8
40
01
90
78
40
01
88
48
40
01
7C
20
40
01
6E
04
40
01
64
00
40
01
58
60
44
01
52
38
44
01
46
08
34
01
3A
D8
33
01
30
A8
33
01
24
80
33
01
18
50
33
01
0C
20
33
01
02
F8
32
01
00
C8
32
01
24
A1
32
01
18
81
42
01
0C
41
42
01
00
21
42
01
F2
F0
41
01
E8
C4
41
01
DC
90
41
01
D0
68
41
01
C6
50
41
01
B8
24
41
01
B0
F8
40
01
A4
C4
40
01
98
90
40
01
8C
68
40
01
82
38
40
01
74
10
40
01
6A
00
40
01
5E
00
40
01
54
50
44
01
4C
28
34
01
42
F8
33
01
36
C8
33
01
2A
98
33
01
1E
6C
33
01
12
40
33
01
08
18
33
01
00
E4
32
01
00
C0
32
01
1E
95
32
01
16
69
42
01
0A
39
42
01
FC
18
42
01
F0
E8
41
01
E6
B8
41
01
DA
88
41
01
CE
58
41
01
C4
48
41
01
B6
20
41
01
AE
F0
40
01
A2
C0
40
01
96
90
40
01
8C
60
40
01
80
38
40
01
74
0C
40
01
68
00
40
01
5C
70
44
01
54
48
44
01
4C
18
34
01
40
F0
33
01
34
C4
33
01
2A
98
33
01
1E
68
33
01
12
40
33
01
06
14
33
01
00
DC
32
01
00
B8
32
01
1C
89
32
01
10
59
42
01
04
31
42
01
FA
00
42
01
EE
D0
41
01
E2
A8
41
01
D6
78
41
01
CA
50
41
01
C2
38
41
01
B4
08
41
01
AA
D8
40
01
A0
B0
40
01
92
80
40
01
8A
50
40
01
7C
28
40
01
74
08
40
01
66
00
40
01
5A
68
44
01
54
40
44
01
48
10
34
01
3E
E8
33
01
32
B8
33
01
26
88
33
01
1A
58
33
01
0E
28
33
01
04
08
33
01
00
D0
32
01
00
B0
32
01
1A
81
32
01
0E
51
42
01
04
29
42
01
F6
F8
41
01
EA
D0
41
01
E0
98
41
01
D2
70
41
01
C8
50
41
01
BA
28
41
01
B2
00
41
01
A8
D0
40
01
9C
A8
40
01
90
78
40
01
86
48
40
01
7C
20
40
01
6E
04
40
01
62
00
40
01
58
60
44
01
52
38
44
01
46
08
34
01
3B
D8
33
01
2E
A8
33
01
24
80
33
01
18
50
33
01
0E
28
33
01
03
F8
32
01
00
D0
32
01
24
A9
32
01
18
81
42
01
0C
49
42
01
02
29
42
01
F4
F8
41
01
EA
D0
41
01
DE
98
41
01
D0
68
41
01
C8
50
41
01
B8
28
41
01
B0
F8
40
01
A6
C4
40
01
98
98
40
01
8E
68
40
01
84
38
40
01
7A
10
40
01
6A
00
40
01
5E
00
40
01
54
58
44
01
4E
28
44
01
42
F8
33
01
38
D0
33
01
2C
A0
33
01
20
70
33
01
12
40
33
01
08
18
33
01
00
E0
32
01
00
C0
32
01
1E
99
32
01
14
69
42
01
0A
39
42
01
FC
18
42
01
F0
F0
41
01
E6
B8
41
01
DC
8C
41
01
D0
60
41
01
C4
48
41
01
B8
18
41
01
AC
F0
40
01
A2
C0
40
01
96
90
40
01
8C
60
40
01
80
30
40
01
74
0C
40
01
68
00
40
01
5C
70
44
01
54
40
44
01
4A
10
34
01
40
E8
33
01
30
B8
33
01
26
88
33
01
1A
58
33
01
0E
30
33
01
04
08
33
01
00
D8
32
01
00
B0
32
01
1C
81
32
01
10
59
42
01
04
31
42
01
F8
00
42
01
EC
D0
41
01
E2
A0
41
01
D6
78
41
01
CA
50
41
01
BE
38
41
01
B4
08
41
01
AA
D8
40
01
A0
B0
40
01
92
80
40
01
8A
50
40
01
7C
28
40
01
72
08
40
01
64
00
40
01
5A
68
44
01
54
40
44
01
48
10
34
01
3C
E4
33
01
30
B0
33
01
24
84
33
01
18
58
33
01
0E
28
33
01
03
08
33
01
00
D0
32
01
00
A8
32
01
1A
81
32
01
0E
49
42
01
02
29
42
01
F6
F8
41
01
EA
D0
41
01
DE
98
41
01
D2
70
41
01
C8
50
41
01
BA
28
41
01
B2
00
41
01
A6
D0
40
01
9E
A8
40
01
90
78
40
01
86
48
40
01
7C
20
40
01
6E
04
40
01
64
00
40
01
58
60
44
01
52
38
44
01
46
08
34
01
3C
D8
33
01
30
B0
33
01
24
80
33
01
18
50
33
01
0C
28
33
01
02
F8
32
01
00
D0
32
01
00
A8
32
01
18
81
32
01
0E
49
42
01
02
21
42
01
F4
F8
41
01
EA
CC
41
01
DE
98
41
01
D2
70
41
01
C8
50
41
01
BA
28
41
01
B0
00
41
01
A6
C8
40
01
9A
A0
40
01
8E
70
40
01
84
40
40
01
7A
18
40
01
6C
00
40
01
60
00
40
01
54
58
44
01
4E
30
44
01
44
F8
33
01
38
D0
33
01
2C
A0
33
01
22
70
33
01
14
40
33
01
0A
20
33
01
00
E8
32
01
00
C0
32
01
1E
99
32
01
16
69
42
01
0A
41
42
01
FE
18
42
01
F2
F0
41
01
E8
B8
41
01
DC
88
41
01
D0
68
41
01
C4
50
41
01
B8
20
41
01
AE
F0
40
01
A2
C0
40
01
96
90
40
01
8C
68
40
01
82
38
40
01
74
10
40
01
68
00
40
01
5C
74
44
01
54
50
44
01
4E
28
34
01
42
F8
33
01
36
C8
33
01
2A
A0
33
01
1E
70
33
01
14
40
33
01
08
18
33
01
00
E0
32
01
00
C0
32
01
1E
91
32
01
14
61
42
01
04
39
42
01
FC
10
42
01
F0
E8
41
01
E4
B0
41
01
D8
88
41
01
CC
50
41
01
C2
40
41
01
B4
10
41
01
AC
E0
40
01
A0
B8
40
01
94
88
40
01
8A
58
40
01
7E
28
40
01
74
08
40
01
66
00
40
01
5C
70
44
01
54
40
44
01
4A
10
34
01
3E
E8
33
01
32
B8
33
01
28
88
33
01
1A
60
33
01
10
38
33
01
04
10
33
01
00
D8
32
01
00
B0
32
01
1C
81
32
01
0E
59
42
01
04
31
42
01
F8
00
42
01
EC
D0
41
01
E2
A0
41
01
D6
78
41
01
CA
50
41
01
C0
38
41
01
B4
08
41
01
A8
D8
40
01
A0
B0
40
01
92
78
40
01
88
50
40
01
7C
28
40
01
70
04
40
01
64
00
40
01
5A
68
44
01
54
38
44
01
48
10
34
01
3C
E0
33
01
30
B0
33
01
24
80
33
01
18
58
33
01
0E
28
33
01
03
04
33
01
00
D0
32
01
00
A8
32
01
1A
81
32
01
0E
49
42
01
04
29
42
01
F6
FC
41
01
EA
D0
41
01
E0
98
41
01
D2
70
41
01
C8
50
41
01
BC
28
41
01
B0
00
41
01
A8
D0
40
01
9E
A4
40
01
90
78
40
01
86
48
40
01
7C
18
40
01
6E
04
40
01
62
00
40
01
56
60
44
01
52
30
44
01
46
00
34
01
3A
D0
33
01
2C
A4
33
01
22
78
33
01
16
48
33
01
0A
20
33
01
00
E8
32
01
00
C0
32
01
1E
99
32
01
16
69
42
01
0A
41
42
01
FE
18
42
01
F2
F0
41
01
E6
B8
41
01
DC
88
41
01
D0
58
41
01
C4
48
41
01
B6
20
41
01
AC
F0
40
01
A2
B8
40
01
96
90
40
01
8C
60
40
01
80
38
40
01
74
0C
40
01
68
00
40
01
5C
70
44
01
54
48
44
01
4C
18
34
01
40
F0
33
01
34
C0
33
01
28
98
33
01
1C
68
33
01
10
38
33
01
06
10
33
01
00
D8
32
01
00
B8
32
01
1C
89
32
01
10
59
42
01
04
31
42
01
FA
08
42
01
EE
D8
41
01
E2
A8
41
01
D8
78
41
01
CC
50
41
01
C2
38
41
01
B4
10
41
01
AA
E0
40
01
A0
B8
40
01
94
88
40
01
8A
58
40
01
80
28
40
01
74
08
40
01
66
00
40
01
5C
70
44
01
54
40
44
01
4A
10
34
01
3E
E4
33
01
32
B8
33
01
26
88
33
01
1A
60
33
01
10
38
33
01
04
08
33
01
00
D8
32
01
00
B0
32
01
1C
89
32
01
12
59
42
01
04
31
42
01
F8
08
42
01
EE
D0
41
01
E2
A4
41
01
D6
74
41
01
CA
50
41
01
BE
38
41
01
B4
08
41
01
A8
D8
40
01
A0
B0
40
01
92
78
40
01
88
50
40
01
7C
20
40
01
72
08
40
01
64
00
40
01
5A
68
44
01
54
40
44
01
48
10
34
01
3E
E0
33
01
30
B8
33
01
24
84
33
01
18
58
33
01
0E
28
33
01
03
04
33
01
00
D0
32
01
00
A8
32
01
1A
81
32
01
0E
49
42
01
02
29
42
01
F6
F8
41
01
EA
D0
41
01
DE
98
41
01
D2
70
41
01
C8
50
41
01
BA
28
41
01
B2
00
41
01
A6
C8
40
01
9A
A0
40
01
8E
70
40
01
86
48
40
01
7C
18
40
01
6E
04
40
01
62
00
40
01
56
60
44
01
52
30
44
01
44
08
34
01
3A
D0
33
01
2E
A4
33
01
22
78
33
01
16
48
33
01
0A
20
33
01
02
F8
32
01
00
C8
32
01
22
A1
32
01
18
79
42
01
0C
41
42
01
FE
20
42
01
F4
F0
41
01
E8
C4
41
01
DC
90
41
01
D0
68
41
01
C6
50
41
01
B8
24
41
01
B0
F8
40
01
A6
C8
40
01
9A
98
40
01
8E
68
40
01
84
40
40
01
7A
18
40
01
6A
00
40
01
60
00
40
01
54
50
44
01
4E
28
34
01
44
F8
33
01
36
D0
33
01
2C
A0
33
01
1E
70
33
01
12
40
33
01
08
18
33
01
00
E0
32
01
00
C0
32
01
1C
91
32
01
12
61
42
01
06
39
42
01
FC
10
42
01
F0
E8
41
01
E6
B0
41
01
DA
88
41
01
CE
54
41
01
C4
44
41
01
B6
18
41
01
AC
E0
40
01
A0
B8
40
01
94
88
40
01
8C
58
40
01
80
30
40
01
74
08
40
01
66
00
40
01
5C
70
44
01
54
40
44
01
4A
10
34
01
3E
E8
33
01
32
B8
33
01
26
88
33
01
1A
60
33
01
0E
30
33
01
03
08
33
01
00
D0
32
01
00
A8
32
01
1A
81
32
01
10
51
42
01
02
29
42
01
F6
F8
41
01
EA
D0
41
01
E0
A0
41
01
D4
70
41
01
C8
50
41
01
BE
38
41
01
B4
08
41
01
AA
D8
40
01
A0
B0
40
01
92
88
40
01
8A
54
40
01
7E
28
40
01
72
08
40
01
66
00
40
01
5A
70
44
01
54
40
44
01
48
10
34
01
3E
E4
33
01
32
B8
33
01
24
88
33
01
1A
58
33
01
0E
2C
33
01
03
08
33
01
00
D4
32
01
00
B0
32
01
1C
81
32
01
0E
59
42
01
04
31
42
01
F8
00
42
01
EC
D0
41
01
E0
A0
41
01
D4
70
41
01
C8
50
41
01
BE
30
41
01
B2
00
41
01
A8
D4
40
01
A0
A8
40
01
90
78
40
01
88
48
40
01
7C
20
40
01
70
04
40
01
64
00
40
01
58
60
44
01
52
38
44
01
46
10
34
01
3A
D8
33
01
2E
A8
33
01
22
80
33
01
16
50
33
01
0A
20
33
01
02
F0
32
01
00
C8
32
01
22
A1
32
01
18
79
42
01
0C
41
42
01
02
21
42
01
F4
F0
41
01
E8
C4
41
01
DE
94
41
01
D0
68
41
01
C6
50
41
01
B8
28
41
01
B0
F8
40
01
A6
C8
40
01
9A
98
40
01
8E
70
40
01
86
40
40
01
7A
14
40
01
6C
00
40
01
60
00
40
01
56
58
44
01
50
30
44
01
46
00
34
01
3A
D0
33
01
2C
A0
33
01
22
70
33
01
14
40
33
01
0A
20
33
01
00
E8
32
01
00
C8
32
01
20
99
32
01
16
79
42
01
0C
41
42
01
FE
18
42
01
F2
F0
41
01
E8
B8
41
01
DC
90
41
01
D0
68
41
01
C4
50
41
01
B8
20
41
01
B0
F0
40
01
A4
C0
40
01
98
90
40
01
8C
68
40
01
82
38
40
01
74
10
40
01
6A
00
40
01
5E
00
40
01
54
48
44
01
4E
28
44
01
42
F8
33
01
38
C8
33
01
2C
A0
33
01
20
70
33
01
14
40
33
01
0A
20
33
01
02
E8
32
01
00
C8
32
01
20
99
32
01
16
69
42
01
0A
41
42
01
FC
18
42
01
F2
F0
41
01
E6
B8
41
01
DA
90
41
01
CE
58
41
01
C4
48
41
01
B6
20
41
01
AC
F0
40
01
A2
B8
40
01
96
90
40
01
8C
60
40
01
80
30
40
01
74
0C
40
01
68
00
40
01
5C
70
44
01
54
48
44
01
4C
18
34
01
40
F0
33
01
34
C0
33
01
28
98
33
01
1C
68
33
01
10
38
33
01
04
10
33
01
00
D8
32
01
00
B4
32
01
1C
89
32
01
10
59
42
01
04
31
42
01
F8
00
42
01
EE
D0
41
01
E2
A0
41
01
D6
74
41
01
C8
50
41
01
BE
38
41
01
B2
08
41
01
A8
D8
40
01
9A
A8
40
01
90
78
40
01
86
48
40
01
7C
1C
40
01
6C
00
40
01
62
00
40
01
56
60
44
01
52
30
44
01
46
00
34
01
3A
D4
33
01
2E
A4
33
01
22
78
33
01
16
48
33
01
0A
20
33
01
02
F8
32
01
00
C8
32
01
22
A1
32
01
18
79
42
01
0C
41
42
01
FE
20
42
01
F2
F0
41
01
E8
BC
41
01
DC
90
41
01
D0
68
41
01