00
00
60
A3
00
00
10
01
00
00
10
01
00
01
10
01
28
01
10
01
27
01
10
01
26
01
10
01
25
01
10
01
24
01
10
01
23
01
10
01
22
01
10
01
21
01
10
01
20
01
10
01
1F
01
10
01
1E
01
10
01
1D
01
10
01
1C
01
10
01
1B
01
10
01
1A
01
10
01
19
01
10
01
18
01
10
01
17
01
10
01
16
01
10
01
15
01
10
01
14
01
10
01
13
01
10
01
12
01
10
01
11
01
10
01
10
01
10
01
0F
01
10
01
0E
01
10
01
0D
01
10
01
0C
01
10
01
0B
01
10
01
0A
01
10
01
09
01
10
01
08
01
10
01
07
01
10
01
06
01
10
01
05
01
10
01
04
01
10
01
03
01
10
01
02
01
10
01
01
01
10
01
00
00
10
01
FF
00
10
01
FE
00
10
01
FD
00
10
01
FC
00
10
01
FB
00
10
01
FA
00
10
01
F9
00
10
01
F8
00
10
01
F7
00
10
01
F6
00
10
01
F5
00
10
01
F4
00
10
01
F3
00
10
01
F2
00
10
01
F1
00
10
01
F0
00
10
01
EF
00
10
01
EE
00
10
01
ED
00
10
01
EC
00
10
01
EB
00
10
01
EA
00
10
01
E9
00
10
01
E8
00
10
01
E7
00
10
01
E6
00
10
01
E5
00
10
01
E4
00
10
01
E3
00
10
01
E2
00
10
01
E1
00
10
01
E0
00
10
01
DF
00
10
01
DE
00
10
01
DD
00
10
01
DC
00
10
01
DB
00
10
01
DA
00
10
01
D9
00
10
01
D8
00
10
01
D7
00
10
01
D6
00
10
01
D5
00
10
01
D4
00
10
01
D3
00
10
01
D2
00
10
01
D1
00
10
01
D0
00
10
01
CF
00
10
01
CE
00
10
01
CD
00
10
01
CC
00
10
01
CB
00
10
01
CA
00
10
01
C9
00
10
01
C8
00
10
01
C7
00
10
01
C6
00
10
01
C5
00
10
01
C4
00
10
01
C3
00
10
01
C2
00
10
01
C1
00
10
01
C0
00
10
01
BF
00
10
01
BE
00
10
01
BD
00
10
01
BC
00
10
01
BB
00
10
01
BA
00
10
01
B9
00
10
01
B8
00
10
01
B7
00
10
01
B6
00
10
01
B5
00
10
01
B4
00
10
01
B3
00
10
01
B2
00
10
01
B1
00
10
01
B0
00
10
01
AF
00
10
01
AE
00
10
01
AD
00
10
01
AC
00
10
01
AB
00
10
01
AA
00
10
01
A9
00
10
01
A8
00
10
01
A7
00
10
01
A6
00
10
01
A5
00
10
01
A4
00
10
01
A3
00
10
01
A2
00
10
01
A1
00
10
01
A0
00
10
01
9F
00
10
01
9E
00
10
01
9D
00
10
01
9C
00
10
01
9B
00
10
01
9A
00
10
01
99
00
10
01
98
00
10
01
97
00
10
01
96
00
10
01
95
00
10
01
94
00
10
01
93
00
10
01
92
00
10
01
91
00
10
01
90
00
10
01
8F
00
10
01
8E
00
10
01
8D
00
10
01
8C
00
10
01
8B
00
10
01
8A
00
10
01
89
00
10
01
88
00
10
01
87
00
10
01
86
00
10
01
85
00
10
01
84
00
10
01
83
00
10
01
82
00
10
01
81
00
10
01
80
00
10
01
7F
00
10
01
7E
00
10
01
7D
00
10
01
7C
00
10
01
7B
00
10
01
7A
00
10
01
79
00
10
01
78
00
10
01
77
00
10
01
76
00
10
01
75
00
10
01
74
00
10
01
73
00
10
01
72
00
10
01
71
00
10
01
70
00
10
01
6F
00
10
01
6E
00
10
01
6D
00
10
01
6C
00
10
01
6B
00
10
01
6A
00
10
01
69
00
10
01
68
00
10
01
67
00
10
01
66
00
10
01
65
00
10
01
64
00
10
01
63
00
10
01
62
00
10
01
61
00
10
01
60
00
10
01
5F
00
10
01
5E
00
10
01
5D
00
10
01
5C
00
10
01
5B
00
10
01
5A
00
10
01
59
00
10
01
58
00
10
01
57
00
10
01
56
00
10
01
55
00
10
01
54
00
10
01
53
00
10
01
52
00
10
01
51
00
10
01
50
00
10
01
4F
00
10
01
4E
00
10
01
4D
00
10
01
4C
00
10
01
4B
00
10
01
4A
00
10
01
49
00
10
01
48
00
10
01
47
00
10
01
46
00
10
01
45
00
10
01
44
00
10
01
43
00
10
01
42
00
10
01
41
00
10
01
40
00
10
01
3F
00
10
01
3E
00
10
01
3D
00
10
01
3C
00
10
01
3B
00
10
01
3A
00
10
01
39
00
10
01
38
00
10
01
37
00
10
01
36
00
10
01
35
00
10
01
34
00
10
01
33
00
10
01
32
00
10
01
31
00
10
01
30
00
10
01
2F
00
10
01
2E
00
10
01
2D
00
10
01
2C
00
10
01
2B
00
10
01
2A
00
10
01
29
00
10
01
28
00
10
01
27
00
10
01
26
00
10
01
25
00
10
01
24
00
10
01
23
00
10
01
22
00
10
01
21
00
10
01
20
00
10
01
1F
00
10
01
1E
00
10
01
1D
00
10
01
1C
00
10
01
1B
00
10
01
1A
00
10
01
19
00
10
01
18
00
10
01
17
00
10
01
16
00
10
01
15
00
10
01
14
00
10
01
13
00
10
01
12
00
10
01
11
00
10
01
10
00
10
01
0F
00
10
01
0E
00
10
01
0D
00
10
01
0C
00
10
01
0B
00
10
01
0A
00
10
01
09
00
10
01
08
00
10
01
07
00
10
01
06
00
10
01
05
00
10
01
04
00
10
01
03
00
10
01
02
00
10
01
01
00
10
01
00
00
10
01
00
00
10
01
00
00
10
01
00
00
10
01
00
01
10
01
28
01
10
01
27
01
10
01
26
01
10
01
25
01
10
01
24
01
10
01
23
01
10
01
22
01
10
01
21
01
10
01
20
01
10
01
1F
01
10
01
1E
01
10
01
1D
01
10
01
1C
01
10
01
1B
01
10
01
1A
01
10
01
19
01
10
01
18
01
10
01
17
01
10
01
16
01
10
01
15
01
10
01
14
01
10
01
13
01
10
01
12
01
10
01
11
01
10
01
10
01
10
01
0F
01
10
01
0E
01
10
01
0D
01
10
01
0C
01
10
01
0B
01
10
01
0A
01
10
01
09
01
10
01
08
01
10
01
07
01
10
01
06
01
10
01
05
01
10
01
04
01
10
01
03
01
10
01
02
01
10
01
01
01
10
01
00
00
10
01
FF
00
10
01
FE
00
10
01
FD
00
10
01
FC
00
10
01
FB
00
10
01
FA
00
10
01
F9
00
10
01
F8
00
10
01
F7
00
10
01
F6
00
10
01
F5
00
10
01
F4
00
10
01
F3
00
10
01
F2
00
10
01
F1
00
10
01
F0
00
10
01
EF
00
10
01
EE
00
10
01
ED
00
10
01
EC
00
10
01
EB
00
10
01
EA
00
10
01
E9
00
10
01
E8
00
10
01
E7
00
10
01
E6
00
10
01
E5
00
10
01
E4
00
10
01
E3
00
10
01
E2
00
10
01
E1
00
10
01
E0
00
10
01
DF
00
10
01
DE
00
10
01
DD
00
10
01
DC
00
10
01
DB
00
10
01
DA
00
10
01
D9
00
10
01
D8
00
10
01
D7
00
10
01
D6
00
10
01
D5
00
10
01
D4
00
10
01
D3
00
10
01
D2
00
10
01
D1
00
10
01
D0
00
10
01
CF
00
10
01
CE
00
10
01
CD
00
10
01
CC
00
10
01
CB
00
10
01
CA
00
10
01
C9
00
10
01
C8
00
10
01
C7
00
10
01
C6
00
10
01
C5
00
10
01
C4
00
10
01
C3
00
10
01
C2
00
10
01
C1
00
10
01
C0
00
10
01
BF
00
10
01
BE
00
10
01
BD
00
10
01
BC
00
10
01
BB
00
10
01
BA
00
10
01
B9
00
10
01
B8
00
10
01
B7
00
10
01
B6
00
10
01
B5
00
10
01
B4
00
10
01
B3
00
10
01
B2
00
10
01
B1
00
10
01
B0
00
10
01
AF
00
10
01
AE
00
10
01
AD
00
10
01
AC
00
10
01
AB
00
10
01
AA
00
10
01
A9
00
10
01
A8
00
10
01
A7
00
10
01
A6
00
10
01
A5
00
10
01
A4
00
10
01
A3
00
10
01
A2
00
10
01
A1
00
10
01
A0
00
10
01
9F
00
10
01
9E
00
10
01
9D
00
10
01
9C
00
10
01
9B
00
10
01
9A
00
10
01
99
00
10
01
98
00
10
01
97
00
10
01
96
00
10
01
95
00
10
01
94
00
10
01
93
00
10
01
92
00
10
01
91
00
10
01
90
00
10
01
8F
00
10
01
8E
00
10
01
8D
00
10
01
8C
00
10
01
8B
00
10
01
8A
00
10
01
89
00
10
01
88
00
10
01
87
00
10
01
86
00
10
01
85
00
10
01
84
00
10
01
83
00
10
01
82
00
10
01
81
00
10
01
80
00
10
01
7F
00
10
01
7E
00
10
01
7D
00
10
01
7C
00
10
01
7B
00
10
01
7A
00
10
01
79
00
10
01
78
00
10
01
77
00
10
01
76
00
10
01
75
00
10
01
74
00
10
01
73
00
10
01
72
00
10
01
71
00
10
01
70
00
10
01
6F
00
10
01
6E
00
10
01
6D
00
10
01
6C
00
10
01
6B
00
10
01
6A
00
10
01
69
00
10
01
68
00
10
01
67
00
10
01
66
00
10
01
65
00
10
01
64
00
10
01
63
00
10
01
62
00
10
01
61
00
10
01
60
00
10
01
5F
00
10
01
5E
00
10
01
5D
00
10
01
5C
00
10
01
5B
00
10
01
5A
00
10
01
59
00
10
01
58
00
10
01
57
00
10
01
56
00
10
01
55
00
10
01
54
00
10
01
53
00
10
01
52
00
10
01
51
00
10
01
50
00
10
01
4F
00
10
01
4E
00
10
01
4D
00
10
01
4C
00
10
01
4B
00
10
01
4A
00
10
01
49
00
10
01
48
00
10
01
47
00
10
01
46
00
10
01
45
00
10
01
44
00
10
01
43
00
10
01
42
00
10
01
41
00
10
01
40
00
10
01
3F
00
10
01
3E
00
10
01
3D
00
10
01
3C
00
10
01
3B
00
10
01
3A
00
10
01
39
00
10
01
38
00
10
01
37
00
10
01
36
00
10
01
35
00
10
01
34
00
10
01
33
00
10
01
32
00
10
01
31
00
10
01
30
00
10
01
2F
00
10
01
2E
00
10
01
2D
00
10
01
2C
00
10
01
2B
00
10
01
2A
00
10
01
29
00
10
01
28
00
10
01
27
00
10
01
26
00
10
01
25
00
10
01
24
00
10
01
23
00
10
01
22
00
10
01
21
00
10
01
20
00
10
01
1F
00
10
01
1E
00
10
01
1D
00
10
01
1C
00
10
01
1B
00
10
01
1A
00
10
01
19
00
10
01
18
00
10
01
17
00
10
01
16
00
10
01
15
00
10
01
14
00
10
01
13
00
10
01
12
00
10
01
11
00
10
01
10
00
10
01
0F
00
10
01
0E
00
10
01
0D
00
10
01
0C
00
10
01
0B
00
10
01
0A
00
10
01
09
00
10
01
08
00
10
01
07
00
10
01
06
00
10
01
05
00
10
01
04
00
10
01
03
00
10
01
02
00
10
01
01
00
10
01
00
00
10
01
00
00
10
01
00
00
10
01
00
00
10
01
00
01
10
01
28
01
10
01
27
01
10
01
26
01
10
01
25
01
10
01
24
01
10
01
23
01
10
01
22
01
10
01
21
01
10
01
20
01
10
01
1F
01
10
01
1E
01
10
01
1D
01
10
01
1C
01
10
01
1B
01
10
01
1A
01
10
01
19
01
10
01
18
01
10
01
17
01
10
01
16
01
10
01
15
01
10
01
14
01
10
01
13
01
10
01
12
01
10
01
11
01
10
01
10
01
10
01
0F
01
10
01
0E
01
10
01
0D
01
10
01
0C
01
10
01
0B
01
10
01
0A
01
10
01
09
01
10
01
08
01
10
01
07
01
10
01
06
01
10
01
05
01
10
01
04
01
10
01
03
01
10
01
02
01
10
01
01
01
10
01
00
00
10
01
FF
00
10
01
FE
00
10
01
FD
00
10
01
FC
00
10
01
FB
00
10
01
FA
00
10
01
F9
00
10
01
F8
00
10
01
F7
00
10
01
F6
00
10
01
F5
00
10
01
F4
00
10
01
F3
00
10
01
F2
00
10
01
F1
00
10
01
F0
00
10
01
EF
00
10
01
EE
00
10
01
ED
00
10
01
EC
00
10
01
EB
00
10
01
EA
00
10
01
E9
00
10
01
E8
00
10
01
E7
00
10
01
E6
00
10
01
E5
00
10
01
E4
00
10
01
E3
00
10
01
E2
00
10
01
E1
00
10
01
E0
00
10
01
DF
00
10
01
DE
00
10
01
DD
00
10
01
DC
00
10
01
DB
00
10
01
DA
00
10
01
D9
00
10
01
D8
00
10
01
D7
00
10
01
D6
00
10
01
D5
00
10
01
D4
00
10
01
D3
00
10
01
D2
00
10
01
D1
00
10
01
D0
00
10
01
CF
00
10
01
CE
00
10
01
CD
00
10
01
CC
00
10
01
CB
00
10
01
CA
00
10
01
C9
00
10
01
C8
00
10
01
C7
00
10
01
C6
00
10
01
C5
00
10
01
C4
00
10
01
C3
00
10
01
C2
00
10
01
C1
00
10
01
C0
00
10
01
BF
00
10
01
BE
00
10
01
BD
00
10
01
BC
00
10
01
BB
00
10
01
BA
00
10
01
B9
00
10
01
B8
00
10
01
B7
00
10
01
B6
00
10
01
B5
00
10
01
B4
00
10
01
B3
00
10
01
B2
00
10
01
B1
00
10
01
B0
00
10
01
AF
00
10
01
AE
00
10
01
AD
00
10
01
AC
00
10
01
AB
00
10
01
AA
00
10
01
A9
00
10
01
A8
00
10
01
A7
00
10
01
A6
00
10
01
A5
00
10
01
A4
00
10
01
A3
00
10
01
A2
00
10
01
A1
00
10
01
A0
00
10
01
9F
00
10
01
9E
00
10
01
9D
00
10
01
9C
00
10
01
9B
00
10
01
9A
00
10
01
99
00
10
01
98
00
10
01
97
00
10
01
96
00
10
01
95
00
10
01
94
00
10
01
93
00
10
01
92
00
10
01
91
00
10
01
90
00
10
01
8F
00
10
01
8E
00
10
01
8D
00
10
01
8C
00
10
01
8B
00
10
01
8A
00
10
01
89
00
10
01
88
00
10
01
87
00
10
01
86
00
10
01
85
00
10
01
84
00
10
01
83
00
10
01
82
00
10
01
81
00
10
01
80
00
10
01
7F
00
10
01
7E
00
10
01
7D
00
10
01
7C
00
10
01
7B
00
10
01
7A
00
10
01
79
00
10
01
78
00
10
01
77
00
10
01
76
00
10
01
75
00
10
01
74
00
10
01
73
00
10
01
72
00
10
01
71
00
10
01
70
00
10
01
6F
00
10
01
6E
00
10
01
6D
00
10
01
6C
00
10
01
6B
00
10
01
6A
00
10
01
69
00
10
01
68
00
10
01
67
00
10
01
66
00
10
01
65
00
10
01
64
00
10
01
63
00
10
01
62
00
10
01
61
00
10
01
60
00
10
01
5F
00
10
01
5E
00
10
01
5D
00
10
01
5C
00
10
01
5B
00
10
01
5A
00
10
01
59
00
10
01
58
00
10
01
57
00
10
01
56
00
10
01
55
00
10
01
54
00
10
01
53
00
10
01
52
00
10
01
51
00
10
01
50
00
10
01
4F
00
10
01
4E
00
10
01
4D
00
10
01
4C
00
10
01
4B
00
10
01
4A
00
10
01
49
00
10
01
48
00
10
01
47
00
10
01
46
00
10
01
45
00
10
01
44
00
10
01
43
00
10
01
42
00
10
01
41
00
10
01
40
00
10
01
3F
00
10
01
3E
00
10
01
3D
00
10
01
3C
00
10
01
3B
00
10
01
3A
00
10
01
39
00
10
01
38
00
10
01
37
00
10
01
36
00
10
01
35
00
10
01
34
00
10
01
33
00
10
01
32
00
10
01
31
00
10
01
30
00
10
01
2F
00
10
01
2E
00
10
01
2D
00
10
01
2C
00
10
01
2B
00
10
01
2A
00
10
01
29
00
10
01
28
00
10
01
27
00
10
01
26
00
10
01
25
00
10
01
24
00
10
01
23
00
10
01
22
00
10
01
21
00
10
01
20
00
10
01
1F
00
10
01
1E
00
10
01
1D
00
10
01
1C
00
10
01
1B
00
10
01
1A
00
10
01
19
00
10
01
18
00
10
01
17
00
10
01
16
00
10
01
15
00
10
01
14
00
10
01
13
00
10
01
12
00
10
01
11
00
10
01
10
00
10
01
0F
00
10
01
0E
00
10
01
0D
00
10
01
0C
00
10
01
0B
00
10
01
0A
00
10
01
09
00
10
01
08
00
10
01
07
00
10
01
06
00
10
01
05
00
10
01
04
00
10
01
03
00
10
01
02
00
10
01
01
00
10
01
00
00
10
01
00
00
10
01
00
00
10
01
00
00
10
01
00
01
10
01
28
01
10
01
27
01
10
01
26
01
10
01
25
01
10
01
24
01
10
01
23
01
10
01
22
01
10
01
21
01
10
01
20
01
10
01
1F
01
10
01
1E
01
10
01
1D
01
10
01
1C
01
10
01
1B
01
10
01
1A
01
10
01
19
01
10
01
18
01
10
01
17
01
10
01
16
01
10
01
15
01
10
01
14
01
10
01
13
01
10
01
12
01
10
01
11
01
10
01
10
01
10
01
0F
01
10
01
0E
01
10
01
0D
01
10
01
0C
01
10
01
0B
01
10
01
0A
01
10
01
09
01
10
01
08
01
10
01
07
01
10
01
06
01
10
01
05
01
10
01
04
01
10
01
03
01
10
01
02
01
10
01
01
01
10
01
00
00
10
01
FF
00
10
01
FE
00
10
01
FD
00
10
01
FC
00
10
01
FB
00
10
01
FA
00
10
01
F9
00
10
01
F8
00
10
01
F7
00
10
01
F6
00
10
01
F5
00
10
01
F4
00
10
01
F3
00
10
01
F2
00
10
01
F1
00
10
01
F0
00
10
01
EF
00
10
01
EE
00
10
01
ED
00
10
01
EC
00
10
01
EB
00
10
01
EA
00
10
01
E9
00
10
01
E8
00
10
01
E7
00
10
01
E6
00
10
01
E5
00
10
01
E4
00
10
01
E3
00
10
01
E2
00
10
01
E1
00
10
01
E0
00
10
01
DF
00
10
01
DE
00
10
01
DD
00
10
01
DC
00
10
01
DB
00
10
01
DA
00
10
01
D9
00
10
01
D8
00
10
01
D7
00
10
01
D6
00
10
01
D5
00
10
01
D4
00
10
01
D3
00
10
01
D2
00
10
01
D1
00
10
01
D0
00
10
01
CF
00
10
01
CE
00
10
01
CD
00
10
01
CC
00
10
01
CB
00
10
01
CA
00
10
01
C9
00
10
01
C8
00
10
01
C7
00
10
01
C6
00
10
01
C5
00
10
01
C4
00
10
01
C3
00
10
01
C2
00
10
01
C1
00
10
01
C0
00
10
01
BF
00
10
01
BE
00
10
01
BD
00
10
01
BC
00
10
01
BB
00
10
01
BA
00
10
01
B9
00
10
01
B8
00
10
01
B7
00
10
01
B6
00
10
01
B5
00
10
01
B4
00
10
01
B3