46
36
24
14
3
0
0
278
267
254
244
232
222
210
200
186
176
166
154
144
136
124
110
99
90
82
70
60
48
36
24
12
3
0
284
274
262
252
241
230
218
206
196
182
172
162
150
140
128
116
104
92
84
76
64
54
42
30
20
8
1
0
282
270
260
248
236
224
214
202
190
180
170
160
146
138
126
115
102
92
84
74
64
50
40
28
16
6
0
0
278
268
254
244
232
222
208
200
186
176
166
154
144
136
124
110
101
90
84
72
61
48
38
26
16
3
0
0
276
266
254
242
230
220
208
198
184
176
165
152
142
132
122
109
98
86
82
70
60
46
36
24
12
3
0
284
274
262
252
240
230
218
206
196
182
174
162
150
140
128
116
104
93
84
76
66
54
42
31
20
8
1
0
284
272
260
248
237
225
214
202
193
180
170
160
148
138
126
116
104
92
84
74
64
52
42
30
18
8
1
0
280
268
258
245
234
224
210
200
188
178
168
158
144
136
124
110
100
90
84
72
62
48
38
26
16
4
0
0
276
266
254
244
232
222
208
200
185
177
168
154
144
134
124
110
100
88
82
72
60
48
36
24
12
3
0
284
274
262
252
240
228
218
206
196
182
173
160
150
140
128
116
106
93
84
78
68
56
44
32
20
8
1
0
280
270
258
246
234
224
214
202
190
180
170
160
146
137
126
116
104
92
84
76
66
52
42
30
18
8
1
0
280
270
258
246
234
224
212
200
190
178
168
160
144
136
124
113
100
90
84
73
62
49
36
26
14
4
0
0
276
266
254
242
230
219
208
198
185
176
165
154
142
134
122
110
98
86
82
72
60
48
36
24
14
3
0
284
274
262
252
241
230
218
208
197
183
174
162
150
140
128
116
106
94
84
78
66
54
44
32
20
10
2
0
282
272
260
250
238
226
214
202
194
180
172
160
148
138
126
116
102
92
84
74
64
52
42
30
18
8
1
0
280
270
258
246
234
224
212
202
190
180
170
160
146
138
126
116
102
90
84
74
62
49
38
26
14
4
0
0
278
266
254
244
232
220
208
198
184
176
166
154
142
134
124
110
99
88
82
70
60
48
36
24
12
3
0
284
272
260
250
238
226
214
204
194
182
172
160
150
140
128
116
104
94
84
78
66
54
44
32
20
10
2
0
282
272
260
249
236
225
214
202
194
180
170
160
146
138
126
116
102
92
84
74
64
52
42
30
18
8
1
0
280
270
258
246
236
224
212
202
190
180
170
160
146
136
126
115
102
92
84
74
64
50
40
28
16
6
0
0
278
268
254
244
232
220
208
200
186
176
166
154
144
134
124
110
98
90
84
72
60
48
36
26
14
4
0
285
276
266
254
242
232
220
208
198
184
176
164
152
142
132
122
108
98
84
80
68
56
46
34
22
10
2
0
284
272
260
250
238
226
216
206
196
182
172
160
150
140
128
116
104
94
84
78
66
54
44
30
20
10
1
0
282
270
260
248
236
224
214
202
193
180
170
160
146
138
127
116
102
92
84
74
64
52
41
30
18
6
1
0
280
268
256
244
233
222
210
200
186
176
166
154
144
134
124
110
98
86
82
72
60
46
36
24
14
3
0
284
274
262
252
240
230
218
206
196
182
174
162
150
140
130
118
106
94
84
78
68
56
46
34
22
10
2
0
284
272
260
249
238
226
216
206
194
182
172
162
150
140
130
116
105
93
84
78
66
54
44
30
20
8
2
0
282
272
260
248
238
225
214
202
193
180
170
160
146
138
126
116
102
92
84
74
64
50
40
28
18
6
1
0
280
268
258
244
233
222
210
200
190
178
168
158
144
136
124
113
100
90
84
73
62
50
38
26
16
6
0
0
276
266
254
244
232
220
208
198
184
176
164
152
142
132
122
108
98
85
81
70
56
46
34
22
12
2
0
284
272
260
250
238
226
216
204
194
180
170
160
148
138
126
116
104
92
84
78
66
54
44
34
21
10
2
0
284
272
260
249
238
226
214
203
194
181
172
160
150
140
128
116
104
92
84
76
64
53
42
30
18
8
1
0
280
270
260
246
234
224
212
200
188
178
168
158
144
136
124
113
101
90
84
74
62
50
38
28
16
5
0
0
278
268
256
244
232
220
208
200
186
178
166
158
144
134
124
110
100
90
84
72
60
48
36
26
14
4
0
0
274
266
254
242
232
220
208
200
186
178
166
154
144
134
124
110
100
86
82
72
60
46
36
24
12
3
0
284
274
262
252
240
230
218
206
196
182
173
162
150
140
128
116
104
93
84
78
66
54
42
30
18
7
0
0
280
268
256
245
233
222
210
200
190
178
168
158
144
136
124
111
100
90
