
00
00
00
00
00
8C
03
14
00
80
00
13
00
7A
00
13
00
6C
00
13
00
60
00
13
00
56
00
13
00
4A
00
13
00
3C
E4
13
00
32
DA
13
00
26
CF
13
00
1A
C4
13
00
10
B9
13
00
04
AE
14
00
00
A2
14
00
00
98
14
00
00
8C
14
00
00
80
14
00
00
7A
14
00
00
6E
14
00
EA
62
14
00
E0
56
14
00
D4
4C
14
00
C8
3E
14
00
BE
34
14
00
B2
2A
14
00
A4
1C
14
00
98
12
14
00
8E
04
14
00
82
01
13
00
7C
00
13
00
70
00
13
00
64
00
13
00
5A
00
13
00
52
00
13
00
40
E8
13
00
34
E0
13
00
2C
D4
13
00
1C
C8
13
00
14
BE
13
00
08
B2
15
00
02
A8
14
00
00
9C
14
00
00
94
14
00
00
86
14
00
00
80
14
00
00
74
14
00
00
68
14
00
E4
5E
14
00
DA
54
14
00
CE
46
14
00
C4
3A
14
00
B8
30
14
00
AE
24
14
00
A2
1A
14
00
98
10
14
00
8C
04
14
00
80
00
13
00
7A
00
13
00
6E
00
13
00
62
00
13
00
56
00
13
00
4C
00
13
00
3E
E5
13
00
34
DC
13
00
28
D0
13
00
1C
C4
13
00
12
BC
13
00
04
B0
14
00
00
A4
14
00
00
98
14
00
00
8E
14
00
00
82
14
00
00
7E
14
00
00
72
14
00
00
66
14
00
E4
5C
14
00
D8
52
14
00
CC
45
14
00
C4
3A
14
00
B8
2E
14
00
AC
22
14
00
A0
18
14
00
96
0E
14
00
8A
03
14
00
80
00
13
00
7A
00
13
00
6E
00
13
00
60
00
13
00
54
00
13
00
48
00
13
00
3C
E4
13
00
30
DA
13
00
26
CE
13
00
1A
C4
13
00
10
B8
13
00
04
AE
14
00
00
A2
14
00
00
98
14
00
00
8C
14
00
00
80
14
00
00
7A
14
00
00
70
14
00
EA
64
14
00
E0
58
14
00
D6
4E
14
00
C8
40
14
00
BE
36
14
00
B4
2A
14
00
A8
1C
14
00
9C
14
14
00
92
08
14
00
86
01
13
00
80
00
13
00
72
00
13
00
66
00
13
00
5A
00
13
00
54
00
13
00
44
EA
13
00
36
E0
13
00
2C
D4
13
00
1E
C9
13
00
16
BE
13
00
0A
B4
15
00
02
A8
14
00
00
9D
14
00
00
94
14
00
00
88
14
00
00
80
14
00
00
76
14
00
00
6A
14
00
E6
60
14
00
DE
54
14
00
D2
49
14
00
C4
3C
14
00
BA
32
14
00
B0
26
14
00
A4
1C
14
00
98
10
14
00
8E
04
14
00
80
00
13
00
7C
00
13
00
70
00
13
00
64
00
13
00
58
00
13
00
50
00
13
00
40
E8
13
00
34
E0
13
00
2C
D4
13
00
1C
C8
13
00
14
BE
13
00
08
B4
15
00
00
A8
14
00
00
9C
14
00
00
94
14
00
00
88
14
00
00
80
14
00
00
76
14
00
00
68
14
00
E4
5E
14
00
DC
54
14
00
D0
48
14
00
C4
3C
14
00
B8
30
14
00
AE
26
14
00
A2
1A
14
00
98
10
14
00
8C
04
14
00
80
00
13
00
7C
00
13
00
70
00
13
00
64
00
13
00
58
00
13
00
4E
00
13
00
40
E8
13
00
34
DE
13
00
2A
D4
13
00
1C
C8
13
00
12
BC
13
00
06
B2
14
00
00
A6
14
00
00
9A
14
00
00
91
14
00
00
86
14
00
00
7E
14
00
00
72
14
00
00
66
14
00
E4
5C
14
00
D8
54
14
00
CC
44
14
00
C4
3A
14
00
B6
2E
14
00
AA
22
14
00
A0
18
14
00
96
0E
14
00
8A
03
14
00
80
00
13
00
7A
00
13
00
6C
00
13
00
62
00
13
00
56
00
13
00
4A
00
13
00
3C
E4
13
00
34
DC
13
00
26
D1
13
00
1C
C4
13
00
10
BA
13
00
04
B0
14
00
00
A4
14
00
00
98
14
00
00
8E
14
00
00
82
14
00
00
7C
14
00
00
70
14
00
EC
64
14
00
E2
5A
14
00
D6
52
14
00
CA
42
14
00
C0
36
14
00
B6
2C
14
00
A8
1E
14
00
9C
14
14
00
94
0A
14
00
88
02
13
00
80
00
13
00
76
00
13
00
68
00
13
00
5E
00
13
00
54
00
13
00
46
EC
13
00
3A
E2
13
00
2C
D6
13
00
22
CA
13
00
16
C0
13
00
0A
B6
15
00
02
AA
14
00
00
9E
14
00
00
94
14
00
00
8A
14
00
00
80
14
00
00
78
14
00
00
6C
14
00
E8
61
14
00
DE
56
14
00
D4
4A
14
00
C6
3E
14
00
BC
32
14
00
B0
26
14
00
A4
1C
14
00
98
10
14
00
8E
04
14
00
80
00
13
00
7C
00
13
00
70
00
13
00
64
00
13
00
58
00
13
00
4E
00
13
00
3E
E6
13
00
34
DE
13
00
28
D2
13
00
1C
C6
13
00
12
BC
13
00
04
B1
14
00
00
A4
14
00
00
9A
14
00
00
91
14
00
00
86
14
00
00
7E
14
00
00
72
14
00
00
68
14
00
E4
5C
14
00
DA
54
14
00
CE
46
14
00
C4
3A
14
00
B8
2E
14
00
AE
24
14
00
A0
1A
14
00
96
0E
14
00
8C
03
14
00
80
00
13
00
78
00
13
00
6E
00
13
00
62
00
13
00
54
00
13
00
4A
00
13
00
3C
E4
13
00
32
DA
13
00
26
D0
13
00
1C
C4
13
00
10
BA
13
00
04
B0
14
00
00
A4
14
00
00
98
14
00
00
8E
14
00
00
82
14
00
00
7C
14
00
00
70
14
00
EC
64
14
00
E2
58
14
00
D8
51
14
00
CA
42
14
00
C0
38
14
00
B4
2C
14
00
AA
1E
14
00
9E
16
14
00
94
0A
14
00
88
02
13
00
80
00
13
00
76
00
13
00
6A
00
13
00
5E
00
13
00
54
00
13
00
48
00
13
00
3A
E2
13
00
2E
D8
13
00
24
CE
13
00
18
C2
13
00
0E
B6
15
00
03
AC
14
00
00
A0
14
00
00
96
14
00
00
8A
14
00
00
80
14
00
00
7A
14
00
00
6D
14
00
EA
62
14
00
E0
56
14
00
D4
4C
14
00
C8
3E
14
00
BC
34
14
00
B2
29
14
00
A6
1C
14
00
9A
12
14
00
92
06
14
00
86
01
13
00
7C
00
13
00
70
00
13
00
64
00
13
00
5A
00
13
00
52
00
13
00
42
EA
13
00
36
E0
13
00
2C
D4
13
00
1E
C9
13
00
16
BE
13
00
08
B4
15
00
00
A8
14
00
00
9D
14
00
00
94
14
00
00
88
14
00
00
80
14
00
00
78
14
00
00
6A
14
00
E6
60
14
00
DC
54
14
00
D2
4A
14
00
C6
3C
14
00
BA
32
14
00
B0
26
14
00
A4
1C
14
00
98
10
14
00
8C
04
14
00
80
00
13
00
7C
00
13
00
70
00
13
00
64
00
13
00
58
00
13
00
4E
00
13
00
3E
E6
13
00
34
DC
13
00
28
D2
13
00
1C
C6
13
00
10
BC
13
00
04
B0
14
00
00
A5
14
00
00
9A
14
00
00
90
14
00
00
86
14
00
00
7C
14
00
00
72
14
00
00
66
14
00
E2
5A
14
00
D8
52
14
00
CC
42
14
00
C0
38
14
00
B6
2C
14
00
AA
1E
14
00
9E
16
14
00
94
0A
14
00
88
02
13
00
80
00
13
00
76
00
13
00
68
00
13
00
5E
00
13
00
54
00
13
00
46
EC










