

00
00
00
00
00
64
1C
05
00
54
0A
05
00
40
00
05
00
2E
00
05
00
1C
7E
05
00
10
6E
05
00
00
5E
06
00
00
4E
06
00
00
C9
06
00
00
BA
06
00
00
A8
06
00
E4
98
06
00
D4
8A
05
00
C2
7E
05
00
B2
6E
05
00
A0
5C
05
00
92
4E
05
00
80
3C
05
00
74
2C
05
00
62
1B
05
00
54
0A
05
00
3E
00
05
00
2E
00
05
00
1C
7E
05
00
10
6D
05
00
00
5C
06
00
00
4E
06
00
00
CA
06
00
00
BA
06
00
00
A8
06
00
E4
99
06
00
D4
8A
05
00
C4
80
05
00
B2
70
05
00
A2
5E
05
00
94
4E
05
00
80
3C
05
00
76
2C
05
00
64
1C
05
00
54
0C
05
00
40
00
05
00
30
00
05
00
1C
80
05
00
10
70
05
00
02
5E
06
00
00
4E
06
00
00
CA
06
00
00
BC
06
00
00
AA
06
00
E4
9A
06
00
D4
8C
05
00
C4
7E
05
00
B4
70
05
00
A2
60
05
00
94
4E
05
00
80
3C
05
00
76
2E
05
00
64
1C
05
00
54
0E
05
00
40
01
05
00
32
00
05
00
1E
80
05
00
10
70
05
00
02
60
06
00
00
52
06
00
00
CE
06
00
00
BE
06
00
00
AC
06
00
E4
9C
06
00
D6
8E
05
00
C6
80
05
00
B4
71
05
00
A4
60
05
00
94
54
05
00
82
3E
05
00
78
2E
05
00
66
1C
05
00
54
0E
05
00
44
02
05
00
32
00
05
00
22
80
05
00
12
72
05
00
03
60
06
00
00
54
06
00
00
CE
06
00
00
BE
06
00
00
AE
06
00
E4
9E
06
00
D8
8E
05
00
C6
80
05
00
B6
72
05
00
A4
60
05
00
94
52
05
00
82
3E
05
00
78
2E
05
00
66
1C
05
00
54
0E
05
00
42
01
05
00
32
00
05
00
1E
80
05
00
10
70
05
00
03
60
06
00
00
52
06
00
00
CC
06
00
00
BC
06
00
00
AC
06
00
E4
9C
06
00
D6
8C
05
00
C4
80
05
00
B4
70
05
00
A4
60
05
00
94
52
05
00
82
3E
05
00
78
2E
05
00
66
1C
05
00
54
0E
05
00
42
01
05
00
32
00
05
00
22
80
05
00
10
70
05
00
03
60
06
00
00
52
06
00
00
CE
06
00
00
BC
06
00
00
AC
06
00
E4
9C
06
00
D6
8E
05
00
C4
80
05
00
B4
72
05
00
A4
60
05
00
94
53
05
00
82
3E
05
00
78
2E
05
00
66
1C
05
00
56
0E
05
00
44
02
05
00
34
00
05
00
22
80
05
00
12
72
05
00
03
60
06
00
00
54
06
00
00
CE
06
00
00
BE
06
00
00
AC
06
00
E4
9C
06
00
D8
8E
05
00
C4
80
05
00
B4
72
05
00
A4
62
05
00
96
54
05
00
86
3E
05
00
78
2E
05
00
68
1D
05
00
56
10
05
00
44
02
05
00
34
00
05
00
24
80
05
00
12
72
05
00
03
62
06
00
00
54
06
00
00
CF
06
00
00
C0
06
00
00
B0
06
00
E8
9E
06
00
DA
91
05
00
C6
80
05
00
B6
74
05
00
A4
62
05
00
96
54
05
00
86
40
05
00
7A
32
05
00
68
1E
05
00
58
10
05
00
46
02
05
00
34
00
05
00
24
80
05
00
12
72
05
00
04
62
06
00
00
54
06
00
00
D0
06
00
00
C0
06
00
00
B0
06
00
E8
A0
06
00
DA
92
06
00
C8
80
05
00
B8
74
05
00
A6
64
05
00
98
54
05
00
88
42
05
00
7C
32
05
00
6A
21
05
00
5A
12
05
00
4A
03
05
00
36
00
05
00
26
80
05
00
16
76
05
00
04
64
06
00
00
54
06
00
00
42
06
00
00
C2
06
00
00
B2
06
00
EA
A2
06
00
DC
94
06
00
CA
80
05
00
BA
78
05
00
A8
66
05
00
98
54
05
00
8A
44
05
00
7C
34
05
00
6C
24
05
00
5A
14
05
00
4A
03
05
00
38
00
05
00
28
80
05
00
18
76
05
00
06
66
06
00
00
56
06
00
00
46
06
00
00
C4
06
00
00
B2
06
00
EC
A4
06
00
DC
94
06
00
CC
82
05
00
BA
78
05
00
AA
66
05
00
98
55
05
00
8A
46
05
00
7C
34
05
00
6C
22
05
00
5C
14
05
00
4A
04
05
00
3A
00
05
00
26
80
05
00
18
76
05
00
04
66
06
00
00
54
06
00
00
42
06
00
00
C2
06
00
00
B2
06
00
EA
A2
06
00
DC
94
06
00
CA
80
05
00
BA
76
05
00
A8
65
05
00
98
54
05
00
88
44
05
00
7C
32
05
00
6C
22
05
00
5A
12
05
00
4A
03
05
00
38
00
05
00
26
80
05
00
18
76
05
00
06
66
06
00
00
54
06
00
00
44
06
00
00
C4
06
00
00
B2
06
00
EA
A2
06
00
DC
94
06
00
CA
80
05
00
BA
78
05
00
AA
66
05
00
98
56
05
00
8A
46
05
00
7E
34
05
00
6E
22
05
00
5A
12
05
00
4A
03
05
00
38
00
05
00
28
82
05
00
18
78
05
00
06
66
06
00
00
55
06
00
00
46
06
00
00
C2
06
00
00
B2
06
00
EC
A2
06
00
DE
94
06
00
CA
82
05
00
BA
76
05
00
A8
65
05
00
98
55
05
00
8A
46
05
00
7C
34
05
00
6C
24
05
00
5A
12
05
00
4A
03
05
00
38
00
05
00
26
80
05
00
18
76
05
00
04
65
06
00
00
54
06
00
00
43
06
00
00
C2
06
00
00
B2
06
00
EA
A0
06
00
DC
94
06
00
CA
80
05
00
BA
76
05
00
A8










