UART SPEED: 114680

5E
00
09
00
5E
71
0A
00
C6
D5
09
00
00
00
09
00
5E
71
0A
00
C9
D7
09
00
00
00
09
00
5B
71
0A
00
C9
D5
09
00
00
00
09
00
61
71
0A
00
C9
D8
09
00
00
00
09
00
61
72
0A
00
C9
D8
09
00
00
00
09
00
61
73
0A
00
C9
DB
09
00
00
00
09
00
62
75
0A
00
CA
DB
09
00
00
00
09
00
66
77
0A
00
CD
DD
09
00
00
15
09
00
66
77
0A
00
CE
DD
09
00
00
17
09
00
66
79
0A
00
CF
DE
09
00
00
15
09
00
66
77
0A
00
CD
DD
09
00
00
00
09
00
65
75
0A
00
CA
DB
09
00
00
00
09
00
62
77
0A
00
CD
DF
09
00
00
17
09
00
66
79
0A
00
CE
DF
09
00
00
15
09
00
66
78
0A
00
CE
DF
09
00
00
15
09
00
66
77
0A
00
CD
DF
09
00
00
17
09
00
66
79
0A
00
CF
DF
09
00
00
17
09
00
69
7B
0A
00
D1
E1
09
00
00
1A
09
00
69
7B
0A
00
D2
DF
09
00
00
17
09
00
69
79
0A
00
D1
DF
09
00
00
18
09
00
69
7B
0A
00
D1
E1
09
00
00
18
09
00
69
7C
0A
00
D2
E1
09
00
00
1B
09
00
69
7D
0A
00
D5
E3
09
00
00
1D
09
00
6A
7E
0A
00
D5
E3
09
00
00
1D
09
00
69
7D
0A
00
D5
E3
09
00
00
1D
09
00
69
7D
0A
00
D5
E3
09
00
00
1D
09
00
6A
7F
0A
00
D5
E3
09
00
00
1E
09
00
6A
7F
0A
00
D5
E3
09
00
00
1D
09
00
6A
7E
0A
00
D5
E3
09
00
00
1D
09
00
6A
7F
0A
00
D5
E3
09
00
00
1F
09
00
6A
80
0A
00
D6
E7
09
00
00
1F
09
00
6E
80
0A
00
D5
E3
09
00
00
1E
09
00
6E
7F
0A
00
D5
E3
09
00
00
1F
09
00
6E
7F
0A
00
D5
E3
09
00
00
1D
09
00
6A
7F
0A
00
D5
E5
09
00
00
1F
09
00
6E
81
0A
00
D5
E7
09
00
00
1F
09
00
6E
80
0A
00
D6
E7
09
00
00
1F
09
00
6A
81
0A
00
D5
E6
09
00
00
21
09
00
71
83
0A
00
D9
E8
09
00
00
21
09
00
71
83
0A
00
DA
E9
09
00
00
21
09
00
71
83
0A
00
DA
E9
09
00
00
21
09
00
72
83
09
00
DD
E9
08
00
00
21
09
00
72
83
0A
00
DB
E9
09
00
00
21
09
00
72
83
09
00
DA
E9
09
00
00
21
09
00
71
83
0A
00
D9
E9
09
00
00
21
09
00
71
83
0A
00
DA
E9
09
00
00
21
09
00
72
83
0A
00
DA
E9
09
00
00
21
09
00
71
83
0A
00
DA
E9
09
00
00
21
09
00
71
85
09
00
DB
E9
08
00
00
21
09
00
75
85
09
00
DE
00
08
00
00
21
09
00
75
85
09
00
DD
EB
08
00
00
21
09
00
76
85
09
00
DD
EB
08
00
00
21
09
00
72
85
09
00
DD
EB
08
00
00
21
09
00
76
85
09
00
DE
EB
08
00
00
21
09
00
76
85
09
00
DF
EB
08
00
00
21
09
00
76
86
09
00
DE
00
08
00
00
21
09
00
76
85
09
00
DE
00
08
00
00
21
09
00
76
86
09
00
DF
00
08
00
00
21
09
00
77
87
09
00
E1
00
08
00
00
21
09
00
79
87
09
00
E1
00
08
00
00
23
09
00
79
89
09
00
E1
00
08
00
00
23
09
00
7A
8B
09
00
E2
00
08
00
00
24
09
00
7A
89
09
00
E1
00
08
00
00
25
09
00
7B
8A
09
00
E1
00
08
00
00
23
09
00
7A
8A
09
00
E1
00
08
00
00
24
09
00
7B
8B
09
00
E5
00
08
00
00
25
09
00
7E
8B
09
00
E3
00
08
00
00
25
09
00
7D
8B
09
00
E5
00
08
00
00
25
09
00
7B
8B
09
00
E5
00
08
00
00
25
09
00
7D
8C
09
00
E2
00
08
00
00
29
09
00
81
90
09
00
E9
00
08
00
00
27
09
00
7E
90
09
00
E9
00
08
00
1E
2B
0A
00
81
90
09
00
E9
00
08
00
00
27
09
00
7E
8D
09
00
E6
00
08
00
00
27
09
00
7E
8D
09
00
E7
00
08
00
00
25
09
00
7D
8D
09
00
E6
00
08
00
00
26
09
00
7E
8D
09
00
E5
00
08
00
00
27
09
00
7E
8E
09
00
E9
00
08
00
00
28
09
00
81
8F
09
00
E9
00
08
00
00
29
09
00
81
91
09
00
E9
00
08
00
00
2B
09
00
81
91
09
00
E9
00
08
00
1E
2C
0A
00
82
93
09
00
E9
00
08
00
1E
2B
0A
00
82
91
09
00
E9
00
08
00
1E
2B
0A
00
81
91
09
00
E9
00
08
00
1E
2A
0A
00
81
91
09
00
EA
00
08
00
21
2F
0A
00
85
95
09
00
00
00
08
00
21
31
0A
00
85
95
09
00
00
00
08
00
21
2E
0A
00
85
95
09
00
00
00
08
00
21
30
0A
00
85
95
09
00
00
00
08
00
21
2F
0A
00
85
95
09
00
00
00
08
00
21
2F
0A
00
85
93
09
00
00
00
08
00
21
2F
0A
00
85
94
09
00
00
00
08
00
21
2F
0A
00
85
95
09
00
00
00
08
00
21
2E
0A
00
85
94
09
00
00
00
08
00
21
2F
0A
00
85
95
09
00
00
00
08
00
21
30
0A
00
85
95
09
00
00
00
08
00
21
32
0A
00
86
95
09
00
00
00
08
00
21
32
0A
00
85
95
09
00
00
00
08
00
21
32
0A
00
86
95
09
00
00
00
08
00
21
31
0A
00
85
95
09
00
00
00
08
00
21
33
0A
00
89
9B
09
00
00
00
08
00
21
31
0A
00
85
95
09
00
00
00
08
00
21
32
0A
00
86
97
09
00
00
00
08
00
21
35
0A
00
89
99
09
00
00
00
08
00
21
35
0A
00
89
9B
09
00
00
00
08
00
21
37
0A
00
8A
9B
09
00
00
00
08
00
21
35
0A
00
89
9B
09
00
00
00
08
00
21
35
0A
00
8A
9B
09
00
00
00
08
00
21
33
0A
00
89
98
09
00
00
00
08
00
21
33
0A
00
87
9B
09
00
00
00
08
00
21
36
0A
00
8A
9B
09
00
00
00
08
00
21
35
0A
00
89
9D
09
00
00
00
08
00
21
37
0A
00
8A
9D
09
00
00
00
08
00
22
37
0A
00
8D
9D
09
00
00
00
08
00
25
39
0A
00
8E
9F
09
00
00
00
08
00
25
3A
0A
00
8E
9F
09
00
00
00
08
00
26
39
0A
00
8E
9F
09
00
00
00
08
00
25
39
0A
00
8E
9F
09
00
00
00
08
00
26
3A
0A
00
8E
9F
09
00
00
00
08
00
26
3A
0A
00
8E
9E
09
00
00
00
08
00
25
39
0A
00
8E
A0
09
00
00
00
08
00
25
39
0A
00
8E
9F
09
00
00
00
08
00
26
39
0A
00
8E
A0
09
00
00
00
08
00
26
3B
0A
00
91
A3
09
00
00
00
08
00
2A
3D
0A
00
92
A3
09
00
00
00
08
00
2A
3D
0A
00
92
A3
09
00
00
00
08
00
29
3B
0A
00
91
A1
09
00
00
00
08
00
26
3B
0A
00
8E
A1
09
00
00
00
08
00
26
3B
0A
00
91
A3
09
00
00
00
08
00
29
3F
0A
00
95
A3
09
00
00
00
08
00
2A
3F
0A
00
95
A5
09
00
00
00
08
00
2A
3F
0A
00
92
A3
09
00
00
00
08
00
29
3D
0A
00
92
A3
09
00
00
00
08
00
29
3D
0A
00
92
A3
09
00
00
00
08
00
29
3F
0A
00
95
A5
09
00
00
00
08
00
2D
42
0A
00
95
A9
09
00
00
00
08
00
2E
43
0A
00
95
AB
09
00
00
00
08
00
2E
43
0A
00
95
AA
09
00
00
00
08
00
31
43
0A
00
95
AB
09
00
00
00
08
00
31
43
0A
00
96
AB
09
00
00
00
08
00
31
45
0A
00
96
AB
09
00
00
00
08
00
31
45
0A
00
96
AD
09
00
00
00
08
00
32
43
0A
00
96
AD
09
00
00
00
08
00
31
43
0A
00
95
A7
09
00
00
00
08
00
2E
41
0A
00
95
AB
09
00
00
00
08
00
31
45
0A
00
96
AC
09
00
00
00
08
00
2E
43
0A
00
96
AB
09
00
00
00
08
00
31
45
0A
00
96
AD
09
00
00
00
08
00
32
45
0A
00
9D
AD
09
00
00
00
08
00
32
45
0A
00
99
AD
09
00
00
00
08
00
31
44
0A
00
96
AC
09
00
00
00
08
00
31
45
0A
00
96
AD
09
00
00
00
08
00
31
45
0A
00
9B
AD
09
00
00
00
08
00
32
47
0A
00
9D
AD
09
00
00
00
08
00
35
47
0A
00
9D
AD
09
00
00
00
08
00
36
47
0A
00
9D
AD
09
00
00
00
08
00
32
47
0A
00
9D
AD
09
00
00
00
08
00
32
48
0A
00
9E
AD
09
00
00
00
08
00
36
48
0A
00
9D
AF
09
00
00
00
08
00
39
4B
0A
00
A1
B3
09
00
00
00
08
00
39
4B
0A
00
A1
AF
09
00
00
00
08
00
37
49
0A
00
A1
AF
09
00
00
00
08
00
39
49
0A
00
A1
AF
09
00
00
00
08
00
39
4B
0A
00
A1
B0
09
00
00
00
08
00
39
4D
0A
00
A2
AF
09
00
00
00
08
00
39
4B
0A
00
A1
B3
09
00
00
00
08
00
39
4B
0A
00
A1
B3
09
00
00
00
08
00
3A
4D
0A
00
A2
B4
09
00
00
00
08
00
3A
4D
0A
00
A2
B5
09
00
00
00
08
00
3A
4F
0A
00
A5
B7
09
00
00
00
08
00
3E
4F
0A
00
A5
B5
09
00
00
00
08
00
3A
4F
0A
00
A3
B5
09
00
00
00
08
00
3D
51
0A
00
A6
B5
09
00
00
00
08
00
3D
50
0A
00
A6
B5
09
00
00
00
08
00
3D
4F
0A
00
A6
B5
09
00
00
00
08
00
3A
4D
0A
00
A2
B5
09
00
00
00
08
00
3D
4F
0A
00
A6
B7
09
00
00
00
08
00
3E
50
0A
00
A6
B7
09
00
00
00
08
00
3E
51
0A
00
A6
B9
09
00
00
00
08
00
3E
51
0A
00
AA
B9
09
00
00
00
08
00
41
51
0A
00
AA
B7
09
00
00
00
08
00
41
51
0A
00
AD
B9
09
00
00
00
08
00
41
51
0A
00
AD
B9
09
00
00
00
08
00
3E
51
0A
00
AA
B9
09
00
00
00
08
00
3E
51
0A
00
AA
B9
09
00
00
00
08
00
41
51
0A
00
AA
B9
09
00
00
00
08
00
3E
51
0A
00
AA
B7
09
00
00
00
08
00
42
52
0A
00
AD
BB
09
00
00
00
08
00
45
55
0A
00
AD
BB
09
00
00
00
08
00
42
53
0A
00
AD
BB
09
00
00
00
08
00
42
53
0A
00
AD
B9
09
00
00
00
08
00
42
53
0A
00
AD
BB
09
00
00
00
08
00
45
55
0A
00
AD
BB
09
00
00
00
08
00
45
55
0A
00
AD
BD
09
00
00
00
08
00
45
55
0A
00
AD
BD
09
00
00
00
08
00
46
55
0A
00
AD
BB
09
00
00
00
08
00
45
57
0A
00
AD
BD
09
00
00
00
08
00
45
57
0A
00
AD
BD
09
00
00
00
08
00
46
59
0A
00
B1
BF
09
00
00
00
08
00
46
57
0A
00
AE
BD
09
00
00
00
08
00
46
59
0A
00
AE
BD
09
00
00
00
08
00
47
59
0A
00
AE
BF
09
00
00
00
08
00
47
59
0A
00
AE
BF
09
00
00
00
08
00
49
59
0A
00
AE
BF
09
00
00
00
08
00
49
59
0A
00
B2
BF
09
00
00
00
08
00
49
59
0A
00
B2
BF
09
00
00
00
08
00
46
59
0A
00
AE
BF
09
00
00
00
08
00
49
59
0A
00
B2
BD
09
00
00
00
08
00
49
59
0A
00
B2
BF
09
00
00
00
08
00
49
59
0A
00
AF
BF
09
00
00
00
08
00
4A
5F
0A
00
B5
C3
09
00
00
00
08
00
4B
5D
0A
00
B5
C3
09
00
00
00
08
00
4D
5F
0A
00
B5
C4
09
00
00
00
08
00
4D
5F
0A
00
B6
C7
09
00
00
00
08
00
4E
61
0A
00
B7
C7
09
00
00
00
08
00
4E
5F
0A
00
B5
C4
09
00
00
00
08
00
4D
5F
0A
00
B6
C5
09
00
00
00
08
00
4B
5F
0A
00
B5
C3
09
00
00
00
08
00
4B
5E
0A
00
B6
C3
09
00
00
00
08
00
4D
60
0A
00
B7
C7
09
00
00
00
08
00
51
61
0A
00
B9
C9
09
00
00
00
08
00
51
63
0A
00
BA
C9
09
00
00
00
08
00
51
61
0A
00
B9
C7
09
00
00
00
08
00
4E
5F
0A
00
B6
C5
09
00
00
00
08
00
4E
61
0A
00
B9
C9
09
00
00
00
08
00
51
63
0A
00
BA
CA
09
00
00
00
08
00
51
63
0A
00
B9
C9
09
00
00
00
08
00
51
63
0A
00
BA
C9
09
00
00
00
08
00
51
63
0A
00
BA
C9
09
00
00
00
08
00
51
63
0A
00
BA
CA
09
00
00
00
08
00
51
63
0A
00
BA
C9
09
00
00
00
08
00
51
63
0A
00
BA
C9
09
00
00
00
08
00
51
67
0A
00
BD
CB
09
00
00
00
08
00
51
63
0A
00
BA
C9
09
00
00
00
08
00
51
63
0A
00
BA
CB
09
00
00
00
08
00
52
67
0A
00
BD
CD
09
00
00
00
09
00
55
67
0A
00
BD
CD
09
00
00
00
08
00
53
67
0A
00
BD
CD
09
00
00
00
08
00
53
67
0A
00
BD
CD
09
00
00
00
08
00
52
67
0A
00
BD
CB
09
00
00
00
08
00
55
69
0A
00
BE
CD
09
00
00
00
08
00
53
69
0A
00
BE
CF
09
00
00
00
09
00
59
6A
0A
00
C1
D0
09
00
00
00
09
00
56
69
0A
00
BE
CF
09
00
00
00
09
00
55
67
0A
00
BD
CD
09
00
00
00
08
00
55
69
0A
00
BE
CF
09
00
00
00
09
00
59
6B
0A
00
C2
D3
09
00
00
00
09
00
59
69
0A
00
C1
D1
09
00
00
00
09
00
59
6A
0A
00
C2
D3
09
00
00
00
09
00
59
6B
0A
00
C2
D1
09
00
00
00
09
00
59
6F
0A
00
C2
D3
09
00
00
00
09
00
59
6F
0A
00
C3
D5
09
00
00
00
09
00
5A
6F
0A
00
C5
D5
09
00
00
00
09
00
5A
6B
0A
00
C2
D0
09
00
00
00
09
00
55
69
0A
00
BE
D0
09
00
00
00
09
00
59
6D
0A
00
C2
D3
09
00
00
00
09
00
5A
6B
0A
00
C2
D4
09
00
00
00
09
00
5A
6F
0A
00
C3
D3
09
00
00
00
09
00
5A
6F
0A
00
C5
D3
09
00
00
00
09
00
5B
6F
0A
00
C6
D5
09
00
00
00
09
00
5E
71
0A
00
C6
D7
09
00
00
00
09
00
5E
71
0A
00
C9
D7
09
00
00
00
09
00
5E
71
0A
00
C6
D5
09
00
00
00
09
00
5A
70
0A
00
C6
D5
09
00
00
00
09
00
5E
71
0A
00
C6
D5
09
00
00
00
09
00
5E
71
0A
00
C6
D5
09
00
00
00
09
00
5E
71
0A
00
C6
D7
09
00
00
00
09
00
61
72
0A
00
C9
D8
09
00
00
00
09
00
61
75
0A
00
CA
DA
09
00
00
00
09
00
61
73
0A
00
C9
DB
09
00
00
00
09
00
61
73
0A
00
C9
D8
09
00
00
00
09
00
61
73
0A
00
CA
DB
09
00
00
00
09
00
61
74
0A
00
CA
D9
09
00
00
00
09
00
61
74
0A
00
CA
DA
09
00
00
00
09
00
61
75
0A
00
CA
DB
09
00
00
00
09
00
62
75
0A
00
CA
DD
09
00
00
15
09
00
65
77
0A
00
CD
DF
09
00
00
17
09
00
69
79
0A
00
D1
DF
09
00
00
17
09
00
67
7B
0A
00
D1
DF
09
00
00
17
09
00
67
7B
0A
00
D1
E1
09
00
00
1B
09
00
69
7B
0A
00
D1
E1
09
00
00
17
09
00
69
79
0A
00
CE
DF
09
00
00
17
09
00
67
79
0A
00
CF
DF
09
00
00
17
09
00
69
79
0A
00
D1
E1
09
00
00
1B
09
00
69
7D
0A
00
D2
E1
09
00
00
18
09
00
69
7B
0A
00
D2
E1
09
00
00
1B
09
00
69
7D
0A
00
D5
E1
09
00
00
18
09
00
69
7B
0A
00
D2
E1
09
00
00
1B
09
00
69
7D
0A
00
D5
E1
09
00
00
1A
09
00
69
7B
0A
00
D2
E1
09
00
00
1B
09
00
69
7D
0A
00
D5
E3
09
00
00
1F
09
00
6D
7F
0A
00
D5
E6
09
00
00
1F
09
00
6A
7F
0A
00
D5
E1
09
00
00
1B
09
00
69
7D
0A
00
D5
E2
09
00
00
1D
09
00
6A
7F
0A
00
D5
E5
09
00
00
1F
09
00
6E
80
0A
00
D5
E3
09
00
00
1F
09
00
6E
81
0A
00
D6
E9
09
00
00
21
09
00
71
82
0A
00
D6
E7
09
00
00
1F
09
00
6E
81
0A
00
D6
E7
09
00
00
21
09
00
71
81
0A
00
DA
E7
09
00
00
1F
09
00
71
81
0A
00
D6
E7
09
00
00
20
09
00
6E
81
0A
00
D6
E7
09
00
00
20
09
00
71
81
0A
00
D6
E7
09
00
00
21
09
00
71
85
09
00
DD
E9
09
00
00
21
09
00
71
83
0A
00
DA
E9
09
00
00
21
09
00
71
83
0A
00
DA
E8
09
00
00
21
09
00
71
82
0A
00
D9
E7
09
00
00
21
09
00
71
82
0A
00
D9
E9
09
00
00
21
09
00
71
83
0A
00
D9
E9
09
00
00
21
09
00
71
82
0A
00
D9
E8
09
00
00
21
09
00
71
83
0A
00
DA
E9
09
00
00
21
09
00
72
83
0A
00
DA
E9
09
00
00
21
09
00
72
85
09
00
DD
EB
08
00
00
21
09
00
75
85
09
00
DD
EB
08
00
00
21
09
00
72
85
09
00
DD
EA
08
00
00
21
09
00
76
85
09
00
DE
EB
08
00
00
21
09
00
75
85
09
00
DE
EB
08
00
00
21
09
00
72
85
09
00
DE
EB
08
00
00
21
09
00
75
85
09
00
DD
00
08
00
00
21
09
00
76
86
09
00
DE
00
08
00
00
21
09
00
76
85
09
00
DE
00
08
00
00
21
09
00
79
87
09
00
E1
00
08
00
00
21
09
00
76
86
09
00
E1
00
08
00
00
21
09
00
79
87
09
00
E1
00
08
00
00
21
09
00
79
87
09
00
E1
00
08
00
00
23
09
00
79
87
09
00
E1
00
08
00
00
22
09
00
77
87
09
00
E1
00
08
00
00
23
09
00
7A
89
09
00
E2
00
08
00
00
27
09
00
7E
8D
09
00
E6
00
08
00
00
26
09
00
7D
8D
09
00
E6
00
08
00
00
27
09
00
7E
8C
09
00
E5
00
08
00
00
26
09
00
7D
8B
09
00
E3
00
08
00
00
25
09
00
7B
8B
09
00
E2
00
08
00
00
26
09
00
7D
8D
09
00
E6
00
08
00
00
23
09
00
7A
8B
09
00
E2
00
08
00
00
27
09
00
7E
8E
09
00
E6
00
08
00
00
29
09
00
7E
8F
09
00
E7
00
08
00
00
27
09
00
7E
8E
09
00
E6
00
08
00
00
29
09
00
7E
8F
09
00
E9
00
08
00
00
27
09
00
7E
8D
09
00
E6
00
08
00
00
27
09
00
7E
8E
09
00
E6
00
08
00
00
26
09
00
7E
8D
09
00
E6
00
08
00
00










