UART SPEED: 114680

A9
00
06
00
A9
D7
07
00
76
A7
07
00
45
00
02
00
B6
E7
07
00
85
B7
07
00
52
00
02
00
C9
00
05
00
95
C8
07
00
66
00
02
00
DD
00
06
00
AD
DB
07
00
7A
AD
07
00
49
00
02
00
BA
00
07
00
8A
BD
07
00
5A
00
02
00
D1
00
06
00
9E
CD
07
00
6D
00
02
00
E1
00
06
00
AE
DF
07
00
7E
AD
07
00
4B
00
02
00
BE
00
07
00
8E
BD
07
00
59
00
02
00
CE
00
05
00
9D
CD
07
00
6A
00
02
00
E1
00
06
00
AE
E1
07
00
81
AF
07
00
4D
00
02
00
BE
00
07
00
8E
BF
07
00
5E
00
02
00
D2
00
06
00
A1
CF
07
00
6E
00
02
00
E2
00
06
00
B2
E1
07
00
81
AF
07
00
4E
00
02
00
C2
00
07
00
92
C2
07
00
61
00
02
00
D5
00
06
00
A5
D3
07
00
71
00
02
00
E6
00
06
00
B5
E3
07
00
82
B3
07
00
51
00
02
00
C6
00
05
00
95
C3
07
00
61
00
02
00
D5
00
06
00
A2
D3
07
00
71
00
02
00
E3
00
06
00
B2
E1
07
00
82
B3
07
00
51
00
02
00
C5
00
07
00
95
C3
07
00
61
00
02
00
D6
00
06
00
A6
D5
07
00
72
00
02
00
E9
00
06
00
B7
E8
07
00
85
B7
07
00
52
00
02
00
C9
00
05
00
95
C7
07
00
62
00
02
00
D7
00
06
00
A6
D5
07
00
75
00
02
00
E9
00
06
00
B9
E7
07
00
85
B7
07
00
52
00
02
00
C9
00
05
00
95
C7
07
00
66
00
02
00
DA
00
06
00
A7
D5
07
00
76
A7
07
00
45
00
02
00
B9
E9
07
00
86
B9
07
00
55
00
02
00
CA
00
05
00
96
C9
07
00
69
00
02
00
DD
00
06
00
AD
DB
07
00
7B
AD
07
00
47
00
02
00
BD
EB
07
00
8A
BB
07
00
57
00
02
00
CD
00
05
00
9D
CB
07
00
6A
00
02
00
DE
00
06
00
AD
DB
07
00
7A
AD
07
00
49
00
02
00
BD
00
07
00
8B
BB
07
00
59
00
02
00
CD
00
05
00
9A
CB
07
00
69
00
02
00
DE
00
06
00
AD
DB
07
00
7A
AD
07
00
49
00
02
00
BD
00
07
00
8D
BD
07
00
5A
00
02
00
D1
00
06
00
A1
D0
07
00
6F
00
02
00
E2
00
06
00
B2
E1
07
00
81
B1
07
00
4E
00
02
00
C2
00
07
00
91
C1
07
00
61
00
02
00
D5
00
06
00
A2
CF
07
00
6E
00
02
00
E1
00
06
00
AE
DD
07
00
7E
AD
07
00
4A
00
02
00
BE
00
07
00
8E
BD
07
00
5A
00
02
00
D1
00
05
00
9E
CD
07
00
6A
00
02
00
E1
00
06
00
AD
DE
07
00
7E
AD
07
00
4B
00
02
00
BE
00
07
00
8E
BF
07
00
5A
00
02
00
D1
00
06
00
A1
D0
07
00
6E
00
02
00
E2
00
06
00
B2
E1
07
00
81
B1
07
00
4E
00
02
00
C1
00
07
00
91
BF
07
00
5E
00
02
00
D5
00
06
00
A2
D3
07
00
71
00
02
00
E6
00
06
00
B5
E3
07
00
82
B3
07
00
51
00
02
00
C2
00
07
00
91
C1
07
00
61
00
02
00
D5
00
06
00
A2
D3
07
00
71
00
02
00
E7
00
06
00
B5
E6
07
00
85
B5
07
00
51
00
02
00
C6
00
05
00
95
C7
07
00
62
00
02
00
D6
00
06
00
A6
D5
07
00
75
A7
07
00
45
00
02
00
B9
E9
07
00
86
B7
07
00
55
00
02
00
C9
00
05
00
95
C7
07
00
66
00
02
00
DA
00
06
00
AA
D7
07
00
76
AA
07
00
45
00
02
00
B9
E9
07
00
86
B7
07
00
52
00
02
00
C9
00
05
00
95
C7
07
00
66
00
02
00
DA
00
06
00
A7
D5
07
00
76
A7
07
00
45
00
02
00
B9
E9
07
00
86
B9
07
00
56
00
02
00
CD
00
05
00
9A
CA
07
00
69
00
02
00
DE
00
06
00
AD
DA
07
00
79
AD
07
00
46
00
02
00
BA
EA
07
00
89
B9
07
00
56
00
02
00
CA
00
05
00
96
C9
07
00
69
00
02
00
DD
00
06
00
AA
D9
07
00
79
AB
07
00
46
00
02
00
BA
EB
07
00
8A
BB
07
00
56
00
02
00
CD
00
05
00
9D
CA
07
00
69
00
02
00
DE
00
06
00
AD
DD
07
00
7D
AD
07
00
4B
00
02
00
BE
00
07
00
8D
BF
07
00
5E
00
02
00
D2
00
06
00
A1
D1
07
00
71
00
02
00
E2
00
06
00
AF
E1
07
00
81
AF
07
00
4D
00
02
00
C1
00
07
00
92
BF
07
00
5E
00
02
00
D5
00
06
00
A1
D1
07
00
71
00
02
00
E2
00
06
00
B2
E1
07
00
81
AF
07
00
4E
00
02
00
C1
00
07
00
8E
BF
07
00
5E
00
02
00
D5
00
06
00
A2
D2
07
00
71
00
02
00
E2
00
06
00
B2
E1
07
00
81
B3
07
00
4E
00
02
00
C2
00
07
00
91
BF
07
00
5E
00
02
00
D3
00
06
00
A2
D3
07
00
71
00
02
00
E5
00
06
00
B5
E3
07
00
82
B3
07
00
51
00
02
00
C5
00
05
00
92
C3
07
00
61
00
02
00
D5
00
06
00
A2
D2
07
00
71
00
02
00
E6
00
06
00
B5
E3
07
00
82
B3
07
00
51
00
02
00
C6
00
05
00
95
C4
07
00
62
00
02
00
D6
00
06
00
A6
D5
07
00
76
A7
07
00
45
00
02
00
B6
E7
07
00
85
B7
07
00
52
00
02
00
C9
00
05
00
95
C7
07
00
66
00
02
00
DA
00
06
00
AA
D7
07
00
76
A7
07
00
45
00
02
00
B9
E9
07
00
86
B9
07
00
56
00
02
00
CD
00
05
00
9D
CB
07
00
69
00
02
00
DF
00
06
00
AD
DC
07
00
7A
AB
07
00
46
00
02
00
BA
EA
07
00
89
B9
07
00
56
00
02
00
CA
00
05
00
96
C9
07
00
69
00
02
00
DD
00
06
00
AA
DA
07
00
79
AC
07
00
46
00
02
00
BA
EA
07
00
89
B9
07
00
56
00
02
00
CA
00
05
00
96
C9
07
00
67
00
02
00
DA
00
06
00
AB
D7
07
00
79
AB
07
00
46
00
02
00
BB
EB
07
00
8A
BB
07
00
56
00
02
00
CD
00
05
00
9D
CB
07
00
69
00
02
00
DE
00
06
00
AD
DF
07
00
7D
AD
07
00
49
00
02
00
BD
00
07
00
8E
BD
07
00
5A
00
02
00
D1
00
06
00
A2
D0
07
00
71
00
02
00
E2
00
06
00
B2
DF
07
00
81
AE
07
00
4D
00
02
00
C1
00
07
00
8F
BF
07
00
5E
00
02
00
D2
00
06
00
A1
D0
07
00
71
00
02
00
E2
00
06
00
B2
E1
07
00
81
B3
07
00
4E
00
02
00
C2
00
07
00
91
C1
07
00
5F
00
02
00
D2
00
06
00
A1
D1
07
00
71
00
02
00
E5
00
06
00
B2
E1
07
00
82
B3
07
00
51
00
02
00
C5
00
05
00
95
C3
07
00
61
00
02
00
D5
00
06
00
A3
D5
07
00
72
00
02
00
E9
00
06
00
B6
E7
07
00
85
B5
07
00
51
00
02
00
C7
00
05
00
95
C6
07
00
62
00
02
00
D6
00
06
00
A6
D2
07
00
72
00
02
00
E6
00
06
00
B5
E3
07
00
82
B5
07
00
51
00
02
00
C2
00
05
00
92
C3
07
00
61
00
02
00
D6
00
06
00
A6
D5
07
00
72
00
02
00
E7
00
06
00
B6
E5
07
00
85
B5
07
00
51
00
02
00
C9
00
05
00
95
C7
07
00
62
00
02
00
D9
00
06
00
A6
D7
07
00
76
A7
07
00
45
00
02
00
B9
E9
07
00
86
B9
07
00
56
00
02
00
CB
00
05
00
96
C8
07
00
67
00
02
00
DD
00
06
00
AA
D8
07
00
79
AB
07
00
46
00
02
00
B9
E9
07
00
86
B7
07
00
52
00
02
00
C9
00
05
00
96
CB
07
00
69
00
02
00
DE
00
06
00
AD
DB
07
00
7B
AD
07
00
4A
00
02
00
BE
00
07
00
8E
BF
07
00
5E
00
02
00
D2
00
06
00
9E
CF
07
00
6E
00
02
00
E1
00
06
00
AF
E1
07
00
81
AD
07
00
4B
00
02
00
BE
00
07
00
8E
BD
07
00
59
00
02
00
CE
00
05
00
9D
CB
07
00
6A
00
02
00
DE
00
06
00
AD
DD
07
00
7E
AD
07
00
4B
00
02
00
BD
00
07
00
8D
BB
07
00
59
00
02
00
CF
00
06
00
9E
CF
07
00
6E
00
02
00
E2
00
06
00
B2
E1
07
00
81
AF
07
00
4E
00
02
00
C1
00
07
00
91
BF
07
00
5E
00
02
00
D1
00
06
00
A1
D1
07
00
71
00
02
00
E2
00
06
00
AE
DF
07
00
7E
AD
07
00
4A
00
02
00
BD
00
07
00
8E
BD
07
00
5A
00
02
00
D1
00
06
00
9E
CF
07
00
6D
00
02
00
E1
00
06
00
AE
E1
07
00
81
AF
07
00
4E
00
02
00
C2
00
07
00
92
BF
07
00
61
00
02
00
D3
00
06
00
A2
D3
07
00
72
00
02
00
E7
00
06
00
B5
E3
07
00
85
B5
07
00
51
00
02
00
C6
00
05
00
95
C6
07
00
62
00
02
00
DA
00
06
00
AA
D5
07
00
76
A8
07
00
45
00
02
00
B7
E7
07
00
85
B6
07
00
51
00
02
00
C9
00
05
00
95
C7
07
00
66
00
02
00
DA
00
06
00
AA
D7
07
00
76
AA
07
00
45
00
02
00
B9
E8
07
00
85
B7
07
00
52
00
02
00
C9
00
05
00
95
C9
07
00
67
00
02
00
DD
00
06
00
AD
DB
07
00
7A
AD
07
00
49
00
02
00
BD
EB
07
00
8A
B9
07
00
56
00
02
00
CA
00
05
00
9A
C9
07
00
69
00
02
00
DE
00
06
00
AD
DB
07
00
7A
AD
07
00
49
00
02
00
BB
EA
07
00
89
B9
07
00
56
00
02
00
CA
00
05
00
96
C9
07
00
69
00
02
00
DD
00
06
00
AA
DA
07
00
79
AB
07
00
47
00
02
00
BA
EB
07
00
8A
BB
07
00
59
00
02
00
CD
00
05
00
9D
CB
07
00
6A
00
02
00
E1
00
06
00
AE
DD
07
00
7D
AD
07
00
49
00
02
00
BE
00
07
00
8D
BD
07
00
5A
00
02
00
D1
00
06
00
9F
CE
07
00
6E
00
02
00
E1
00
06
00
AE
DF
07
00
81
AD
07
00
4D
00
02
00
BD
00
07
00
8D
BB
07
00
56
00
02
00
CD
00
05
00
9E
CE
07
00
6A
00
02
00
E1
00
06
00
AE
DF
07
00
7E
AF
07
00
4D
00
02
00
C2
00
07
00
91
BF
07
00
5E
00
02
00
D5
00
06
00
A2
D1
07
00
71
00
02
00
E5
00
06
00
B2
E1
07
00
82
AF
07
00
4E
00
02
00
C1
00
07
00
8F
BF
07
00
5F
00
02
00
D5
00
06
00
A2
D2
07
00
71
00
02
00
E5
00
06
00
B2
E1
07
00
81
AF
07
00
4E
00
02
00
BF
00
07
00
91
BF
07
00
5E
00
02
00
D3
00
06
00
A1
D3
07
00
71
00
02
00
E6
00
06
00
B5
E3
07
00
82
B3
07
00
51
00
02
00
C3
00
07
00
92
C1
07
00
61
00
02
00
D5
00
06
00
A5
D5
07
00
75
00
02
00
E9
00
06
00
B6
E7
07
00
85
B7
07
00
52
00
02
00
C6
00
05
00
95
C4
07
00
62
00
02
00
D9
00
06
00
A7
D5
07
00
75
00
02
00
E9
00
06
00
B6
E7
07
00
85
B7
07
00
52
00
02
00
C9
00
05
00
95
C7
07
00
65
00
02
00
DA
00
06
00
AA
D9
07
00
79
AA
07
00
46
00
02
00
BA
E9
07
00
86
B9
07
00
55
00
02
00
C9
00
05
00
96
C7
07
00
67
00
02
00
DD
00
06
00
AB
DB
07
00
7A
AB
07
00
46
00
02
00
BA
E9
07
00
87
B9
07
00
55
00
02
00
C9
00
05
00
96
C9
07
00
69
00
02
00
DD
00
06
00
AD
DB
07
00
7A
AD
07
00
49
00
02
00
BB
EB
07
00
8A
BB
07
00
59
00
02
00
CD
00
05
00
9D
CD
07
00
6A
00
02
00
E1
00
06
00
AD
DD
07
00
7B
AD
07
00
49
00
02
00
BD
00
07
00
8D
BD
07
00
5A
00
02
00
CE
00
05
00
9D
CB
07
00
69
00
02
00
E1
00
06
00
AE
DF
07
00
7E
AD
07
00
4A
00
02
00
BE
00
07
00
8D
BD
07
00
5A
00
02
00
D1
00
05
00
9D
CE
07
00
6A
00
02
00
E1
00
06
00
AE
E1
07
00
81
AE
07
00
4D
00
02
00
BE
00
07
00
8D
BD
07
00
5A
00
02
00
D1
00
06
00
A1
D0
07
00
6E
00
02
00
E2
00
06
00
AE
E1
07
00
81
AF
07
00
4E
00
02
00
C2
00
07
00
91
BF
07
00
61
00
02
00
D5
00
06
00
A2
D1
07
00
71
00
02
00
E2
00
06
00
B3
E1
07
00
82
B3
07
00
51
00
02
00
C5
00
07
00
92
C1
07
00
61
00
02
00
D5
00
06
00
A5
D3
07
00
72
00
02
00
E9
00
06
00
B6
E8
07
00
85
B7
07
00
51
00
02
00
C6
00
05
00
95
C7
07
00
66
00
02
00
D6
00
06
00
A6
D5
07
00
75
00
02
00
E9
00
06
00
B6
E7
07
00
85
B5
07
00
51
00
02
00
C9
00
05
00
95
C9
07
00
69
00
02
00
DA
00
06
00
AA
D7
07
00
77
AA
07
00
45
00
02
00
BA
E9
07
00
87
B9
07
00
56
00
02
00
CA
00
05
00
96
C7
07
00
66
00
02
00
DA
00
06
00
AD
D8
07
00
79
AB
07
00
46
00
02
00
B9
E9
07
00
86
B9
07
00
55
00
02
00
CA
00
05
00
96
CA
07
00
69
00
02
00
DE
00
06
00
AD
DD
07
00
7D
AD
07
00
49
00
02
00
BB
EB
07
00
89
B9
07
00
55
00
02
00
CA
00
05
00
96
C9
07
00
69
00
02
00
DD
00
06
00
AA
DB
07
00
79
AD
07
00
49
00
02
00
BD
EC
07
00
8B
BB
07
00
59
00
02
00
CD
00
05
00
9D
CB
07
00
69
00
02
00
E1
00
06
00
AE
DF
07
00
7E
AD
07
00
4D
00
02
00
BF
00
07
00
8E
BD
07
00
5A
00
02
00
D1
00
06
00
9E
CF
07
00
6F
00
02
00
E1
00
06
00
AE
DF
07
00
81
AE
07
00
4B
00
02
00
BE
00
07
00
91
BF
07
00
5E
00
02
00
D2
00
06
00
A1
D0
07
00
71
00
02
00
E2
00
06
00
B2
E1
07
00
81
AF
07
00
4E
00
02
00
C2
00
07
00
92
C1
07
00
61
00
02
00
D5
00
06
00
A2
D3
07
00
71
00
02
00
E6
00
06
00
B5
E3
07
00
85
B3
07
00
51
00
02
00
C6
00
05
00
95
C3
07
00
61
00
02
00
D5
00
06
00
A2
D3
07
00
71
00
02
00
E3
00
06
00
B3
E3
07
00
82
B3
07
00
51
00
02
00
C6
00
05
00
92
C4
07
00
61
00
02
00
D6
00
06
00
A6
D5
07
00
72
00
02
00
E6
00
06
00
B6
E7
07
00
85
B5
07
00
51
00
02
00
C6
00
07
00
92
C4
07
00
62
00
02
00
D6
00
06
00
A6
D5
07
00
76
A7
07
00
45
00
02
00
B9
E9
07
00
86
B9
07
00
55
00
02
00
C9
00
05
00
96
C9
07
00
69
00
02
00
DD
00
06
00
AA
D7
07
00
79
AB
07
00
46
00
02
00
B9
E9
07
00
86
B9
07
00
52
00
02
00
C9
00
05
00
95
C9
07
00
67
00
02
00
DA
00
06
00
A9
D7
07
00
76
A7
07
00
45
00
02
00
B9
E9
07
00
86
B9
07
00
53
00
02
00
C9
00
05
00
96
C9
07
00
69
00
02
00
DD
00
06
00
AB
DA
07
00
79
AB
07
00
46
00
02
00
BA
E9
07
00
86
B9
07
00
56
00
02
00
CD
00
05
00
9D
CB
07
00
69
00
02
00
DE
00
06
00
AD
DB
07
00
7A
AD
07
00
49
00
02
00
BD
EB
07
00
8A
B9
07
00
56
00
02
00
CD
00
05
00
9D
CB
07
00
69
00
02
00
DE
00
06
00
AD
DC
07
00
7B
AD
07
00
4A
00
02
00
BD
00
07
00
8D
BD
07
00
5A
00
02
00
D2
00
06
00
A1
CF
07
00
71
00
02
00
E2
00
06
00
AE
E1
07
00
81
AE
07
00
4D
00
02
00
C2
00
07
00
8E
BF
07
00
5D
00
02
00
D2
00
05
00
9D
CD
07
00
6A
00
02
00
E1
00
06
00
AE
E1
07
00
81
AF
07
00
4E
00
02
00
C1
00
07
00
91
BF
07
00
5E
00
02
00
D5
00
06
00
A1
CD
07
00
6D
00
02
00
E1
00
06
00
B2
E1
07
00
81
AF
07
00
4E
00
02
00
C2
00
07
00
92
C1
07
00
61
00
02
00
D2
00
06
00
A1
D1
07
00
71
00
02
00
E5
00
06
00
B5
E5
07
00
85
B5
07
00
51
00
02
00
C6
00
05
00
95
C4
07
00
62
00
02
00
D6
00
06
00
A6
D5
07
00
75
A7
07
00
45
00
02
00
B9
E8
07
00
85
B7
07
00
52
00
02
00
C6
00
05
00
95
C2
07
00
61
00
02
00
D6
00
06
00
A6
D5
07
00
75
A7
07
00
45
00
02
00
B9
E9
07
00
86
B9
07
00
55
00
02
00
C9
00
05
00
95
C7
07
00
66
00
02
00
DA
00
06
00
A7
D6
07
00
76
AA
07
00
45
00
02
00
B9
E9
07
00
86
B7
07
00
53
00
02
00
C9
00
05
00
95
C7
07
00
62
00
02
00
D9
00
06
00
AA
D8
07
00
79
AB
07
00
46
00
02
00
BA
E9
07
00
89
B9
07
00
56
00
02
00
CA
00
05
00
96
C7
07
00
66
00
02
00
DA
00
06
00
AA
D7
07
00
76
A7
07
00
45
00
02
00
B9
E9
07
00
86
B9
07
00
56
00
02
00
CA
00
05
00
9D
CB
07
00
69
00
02
00
DE
00
06
00
AD
DD
07
00
7D
AD
07
00
4A
00
02
00
BE
00
07
00
8E
BD
07
00
5A
00
02
00
CE
00
05
00
9D
CD
07
00
6A
00
02
00
DE
00
06
00
AD
DD
07
00
7E
AD
07
00
49
00
02
00
BD
00
07
00
8D
BD
07
00
5A
00
02
00
D1
00
06
00
A1
CF
07
00
71
00
02
00
E2
00
06
00
B2
E1
07
00
81
AF
07
00
4E
00
02
00
C2
00
07
00
92
C3
07
00
61
00
02
00
D2
00
06
00
A2
D0
07
00
71
00
02
00
E5
00
06
00
B2
E1
07
00
81
AF
07
00
4E
00
02
00
C2
00
07
00
8E
BD
07
00
5D
00
02
00
D1
00
06
00
A1
D1
07
00
71
00
02
00
E2
00
06
00
B2
E3
07
00
82
B3
07
00
51
00
02
00
C2
00
07
00
92
C1
07
00
61
00
02
00
D5
00
06
00
A3
D3
07
00
72
00
02
00
E6
00
06
00
B5
E3
07
00
85
B3
07
00
51
00
02
00
C6
00
05
00
95
C6
07
00
62
00
02
00
D6
00
06
00
A6
D6
07
00
76
A7
07
00
45
00
02
00
B7
E7
07
00
85










