


00
00
00
00
00
DC
A6
27
00
8A
16
03
00
00
00
03
00
6E
00
06
00
DA
80
06
00
22
2A
04
00
D6
8C
93
00
62
7E
00
00
D4
00
08
00
24
00
F7
00
02
E2
04
00
56
02
09
00
10
94
57
00
00
E4
39
00
00
00
01
00
60
8B
22
00
3A
AC
03
00
04
88
1B
00
96
00
02
00
00
E2
1F
00
CC
C8
01
00
A0
D2
2C
00
0A
8C
33
00
00
7E
01
00
1C
8E
9D
00
00
80
03
00
54
BC
08
00
44
00
E6
00
34
C4
1E
00
CA
B0
04
00
00
00
02
00
CA
12
03
00
94
00
01
00
EC
C6
00
00
4A
78
05
00
6A
6D
03
00
6E
76
03
00
16
00
02
00
54
BC
06
00
D6
98
01
00
AE
00
01
00
00
EA
16
00
2C
D2
09
00
00
CE
B2
00
00
00
1D
00
00
00
EF
00
02
00
BC
00
00
E8
02
00
00
00
82
00
2C
00
8C
00
00
00
37
00
03
E5
96
00
02
C0
27
00
82
00
02
00
12
EC
0C
00
02
00
64
00
00
00
EB
00
00
0A
72
00
00
00
68
00
8E
00
94
00
1C
00
93
00
00
00
26
00
00
D4
1F
00
00
00
C1
00
2C
C2
16
00
D8
88
0A
00
10
04
24
00
6A
A0
7E
00
00
E5
19
00
22
E4
D0
00
00
EC
0C
00
00
00
25
00
D8
00
05
00
00
00
3B
00
14
CC
48
00
02
00
06
00
00
CC
EE
00
CE
00
93
00
62
C4
39
00
00
00
D0
00
4C
4E
1E
00
00
A8
68
00
00
00
94
00
08
00
26
00
DA
E4
38
00
DA
00
02
00
C0
66
2B
00
4C
00
4B
00
00
00
5A
00
18
A8
2A
00
00
00
0A
00
00
00
A4
00
DA
DA
47
00
00
6E
18
00
00
E0
8D
00
00
00
A7
00
0E
00
4F
00
02
00
56
00
00
00
19
00
00
00
4B
00
00
EC
02
00
00
DE
2C
00
DE
D6
40
00
08
A4
3B
00
00
E4
1A
00
5E
00
05
00
DA
1C
15
00
52
06
16
00
EA
BC
16
00
2A
D6
0D
00
BA
80
06
00
46
00
06
00
00
00
22
00
00
00
2B
00
EB
01
08
00
E6
00
1E
00
00
DD
11
00
12
00
03
00
7C
42
18
00
00
9E
17
00
74
00
02
00
5A
00
0C
00
40
AA
04
00
00
00
08
00
9E
00
07
00
00
CC
0A
00
80
DA
04
00
26
96
07
00
78
01
06
00
98
94
0A
00
76
BA
09
00
10
B2
0A
00
00
00
0D
00
E4
00
06
00
38
00
00
00
BE
E0
10
00
E0
CA
07
00
3C
64
06
00
80
D4
07
00
D2
00
16
00
00
00
1A
00
12
00
20
00
D0
DC
08
00
80
91
08
00
46
C0
01
00
E4
C8
01
00
B8
D4
09
00
E2
DE
02
00
68
A2
05
00
9A
8C
0C
00
CC
10
0C
00
04
76
05
00
B4
00
04
00
94
DA
03
00
A2
94
08
00
34
DA
09
00
44
00
04
00
80
02
05
00
92
9A
04
00
7A
78
05
00
7C
8A
00
00
00
7C
0F
00
DE
CC
0D
00
00
00
0B
00
2E
9C
0C
00
6A
B8
08
00
E4
49
09
00
A8
3C
06
00
92
1C
02
00
CA
64
06
00
9C
DE
09
00
8E
80
04
00
EC
00
02
00
9A
E0
02
00
00
DA
03
00
48
85
0A
00
02
86
07
00
DC
26
0A
00
00
E4
0E
00
A0
5A
22
00
5C
00
03
00
00
94
05
00
1C
78
19
00
1A
B4
01
00
68
2E
04
00
00
E4
09
00
E4
6A
04
00
80
DC
14
00
60
DA
08
00
3C
E6
05
00
A4
00
0A
00
24
98
24
00
04
BC
0A
00
00
D4
18
00
C4
B8
07
00
94
DC
06
00
48
00
07
00
2C
C6
03
00
1C
00
04
00
70
00
05
00
AC
E0
06
00
E4
B4
09
00
D8
00
14
00
94
88
06
00
A8
D2
02
00
C8
D2
06
00
94
5E
1B
00
1E
9A
07
00
02
B5
1A
00
04
00
06
00
16
00
20
00
7A
80
07
00
2C
EC
1E
00
4E
00
01
00
AC
02
02
00
40
E4
13
00
10
BE
15
00
8C
C4
2B
00
00
E2
5E
00
02
DA
07
00
03
00
0C
00
88
00
3D
00
00
EA
04
00
74
DA
23
00
06
00
11
00
00
D2
17
00
00
00
11
00
00
00
1C
00
6E
00
0A
00
00
00
08
00
E2
00
23
00
64
D2
06
00
D2
D0
36
00
1C
00
04
00
44
AC
0F
00
00
1C
09
00
00
DE
0A
00
24
00
0B
00
54
00
17
00
03
9C
0C
00
00
AE
4F
00
03
EA
10
00
70
80
35
00
00
00
0D
00
96
EC
0D
00
98
BC
09
00
00
00
14
00
00
C0
7A
00
0E
00
05
00
88
00
30
00
18
D6
04
00
00
00
26
00
54
E3
1B
00
00
B4
04
00
5E
03
0B
00
4C
00
0A
00
00
00
05
00
BE
00
02
00
56
E6
02
00
D4
2D
03
00
34
D6
03
00
3C
EB
07
00
28
74
04
00
00
00
14
00
E2
A0
05
00
80
7C
0C
00
08
8C
0B
00
34
00
0A
00
D8
A4
06
00
B4
7E
09
00
1E
00
02
00
00
00
04
00
E4
D0
0A
00
00
9A
27
00
00
DE
08
00
00
A4
19
00
04
E8
03
00
12
00
0C
00
DE
00
1E
00
00
00
1B
00
00
E6
15
00
10
B8
2B
00
E2
E6
01
00
22
00
0F
00
4E
E4
09
00
9A
00
15
00
00
00
27
00
98
E5
13
00
E4
00
38
00
00
34
08
00
54
03
06
00
54
00
01
00
D8
D0
0F
00
7A
D2
01
00
9E
00
1D
00
36
80
13
00
00
A6
0A
00
14
00
0D
00
E4
60
07
00
00
00
0C
00
00
00
15
00
02
00
37
00
8C
D4
03
00
00
EA
04
00
66
C6
0B
00
3A
58
06
00
00
00
0A
00
2E
00
0B
00
06
E4
0A
00
B4
94
02
00
00
00
0C
00
2C
00
24
00
00
00
06
00
C6
D0
17
00
00
16
06
00
10
CE
06
00
00
70
25
00
06
00
0D
00
4A
EA
1E
00
1A
76
3A
00
16
00
01
00
C4
02
12
00
00
00
17
00
B6
94
04
00
00
BE
09
00
00
00
35
00
00
00
06
00
1A
52
20
00
00
DE
04
00
74
B8
08
00
78
CA
02
00
5A
B4
12
00
E4
1C
1E
00
98
36
04
00
00
00
0B
00
00
66
12
00
A4
D8
01
00
2C
00
21
00
00
00
24
00
2C
96
07
00
9A
0A
0F
00
9C
00
2F
00
1A
04
43
00
04
00
13
00
0A
E2
08
00
94
E5
01
00
E2
D6
02
00
10
62
09
00
62
5C
0D
00
16
E4
07
00
C4
88
07
00
14
32
11
00
4E
D4
07
00
00
CC
03
00
86
98
04
00
DC
C8
09
00
C4
CE
0B
00
1B
00
0A
00
82
C6
0C
00
24
E6
0D
00
62
EA
08
00
00
64
24
00
04
B8
03
00
94
E4
03
00
C0
80
25
00
82
0E
02
00
2C
EC
0B
00
34
7A
0B
00
9A
01
03
00
88
00
02
00
00
C4
0E
00
10
E8
00
00
0A
C4
33
00
72
82
0B
00
3C
C6
08
00
9E
B4
09
00
00
A2
03
00
AE
46
0A
00
2C
34
09
00
70
E0
0A
00
54
E8
21
00
1E
62
02
00
34
5A
06
00
CC
E8
0A
00
60
64
02
00
18
1B
03
00
A4
9A
08
00
96
00
08
00
00
78
0B
00
24
60
03
00
DA
51
02
00
A6
00
0F
00
18
EC
06
00
38
40
05
00
1C
76
01
00
82
8E
05
00
5E
00
03
00
E4
E6
04
00
B0
A2
05
00
9C
D6
09
00
B6
DA
01
00
5A
00
03
00
00
2A
0A
00
9E
10
05
00
00
00
02
00
3C
03
1E
00
00
C8
03
00
00
00
13
00
24
00
36
00
C2
00
0A
00
A0
C4
04
00
A0
E4
09
00
5C
DE
07
00
16
00
06
00
80
54
08
00
00
E4
0B
00
C6
54
0A
00
82
E4
07
00
3A
42
05
00
1A
8C
07
00
30
00
15
00
00
EA
06
00
B0
66
09
00
78
E4
09
00
EC
38
03
00
9E
00
06
00
D4
85
10
00
70
B9
05
00
00
00
03
00
04
C8
0B
00
00
AC
0C
00
00
C2
08
00
3A
00
10
00
56
D8
2D
00
00
C2
11
00
00
00
61
00
12
A8
04
00
00
3E
1B
00
00
E2
06
00
4A
87
07
00
28
00
30
00
B4
8C
0D
00
00
00
33
00
96
80
16
00
6E
34
06
00
44
4A
08
00
30
22
17
00
5C
1E
06
00
D4
52
04
00
00
54
0F
00
9A
98
0C
00
28
D6
06
00
4E
36
0D
00
00
7A
08
00
00
7C
07
00
96
AA
0E
00
78
52
0A
00
3C
00
06
00
CC
BD
0B
00
C4
4A
1D
00
00
70
0C
00
E0
C0
06
00
00
D4
1C
00
10
00
0D
00
0A
00
05
00
A2
D2
26
00
AE
B6
0A
00
50
76
03
00
36
9E
04
00
DE
C4
02
00
8C
CA
0C
00
00
5A
07
00
80
C6
04
00
AC
80
02
00
7C
00
07
00
D0
00
14
00
00
B8
0A
00
A6
D6
03
00
00
A2
02
00
C0










