00
4F
11
00
00
00
10
00
A3
B5
11
00
3A
4F
11
00
00
00
10
00
A5
B5
11
00
3D
4F
11
00
00
00
10
00
A2
B3
11
00
3A
4F
11
00
00
00
10
00
A6
B6
11
00
3D
4F
11
00
00
00
10
00
A6
B7
11
00
3D
4F
11
00
00
00
10
00
A7
B7
11
00
3E
51
11
00
00
00
10
00
A6
B6
11
00
3D
51
11
00
00
00
10
00
A9
B7
11
00
3E
51
11
00
00
00
10
00
A6
B9
11
00
3E
51
11
00
00
00
10
00
AA
B9
11
00
41
53
11
00
00
00
10
00
AD
BB
11
00
42
53
11
00
00
00
10
00
AD
BB
11
00
45
53
11
00
00
00
10
00
AD
B9
11
00
42
53
11
00
00
00
10
00
AD
BB
11
00
42
55
11
00
00
00
10
00
AD
BD
11
00
45
55
11
00
00
00
10
00
AE
BF
11
00
46
59
11
00
00
00
10
00
AE
BD
11
00
46
57
11
00
00
00
10
00
B1
BF
11
00
49
59
11
00
00
00
10
00
AE
BF
11
00
47
59
11
00
00
00
10
00
AE
BF
11
00
46
59
11
00
00
00
10
00
AE
BF
11
00
46
59
11
00
00
00
10
00
B2
BF
11
00
49
59
11
00
00
00
10
00
B2
BF
11
00
49
5B
11
00
00
00
10
00
B5
C3
11
00
4A
5B
11
00
00
00
10
00
B5
C1
11
00
49
5B
11
00
00
00
10
00
B5
C3
11
00
4A
5E
11
00
00
00
10
00
B6
C5
11
00
4E
61
11
00
00
00
10
00
B6
C4
11
00
4E
61
11
00
00
00
10
00
B5
C4
11
00
4D
5F
11
00
00
00
10
00
B5
C5
11
00
4E
60
11
00
00
00
10
00
B6
C5
11
00
4D
61
11
00
00
00
10
00
B6
C3
11
00
4B
5F
11
00
00
00
10
00
B6
C7
11
00
51
61
11
00
00
00
10
00
B9
C7
11
00
51
62
11
00
00
00
10
00
B9
C7
11
00
4E
61
11
00
00
00
10
00
B9
C9
11
00
51
67
11
00
00
00
10
00
BB
CA
11
00
51
67
11
00
00
00
10
00
BD
CB
11
00
52
67
11
00
00
00
10
00
BB
CA
11
00
51
67
11
00
00
00
10
00
BD
CD
11
00
52
68
11
00
00
00
11
00
BE
CE
11
00
55
69
11
00
00
00
11
00
BF
D1
11
00
56
69
12
00
00
00
10
00
BD
CF
11
00
55
69
12
00
00
00
11
00
BE
D0
11
00
56
69
12
00
00
00
11
00
BD
CD
11
00
55
69
12
00
00
00
11
00
BF
D0
11
00
56
69
12
00
00
00
11
00
C1
D3
11
00
59
6B
12
00
00
00
11
00
C2
D1
11
00
56
69
12
00
00
00
11
00
C1
D0
11
00
56
69
12
00
00
00
11
00
C2
D3
11
00
59
6B
12
00
00
00
11
00
C2
D3
11
00
59
6F
12
00
00
00
11
00
C5
D3
11
00
5A
71
12
00
00
00
11
00
C5
D5
11
00
5A
71
12
00
00
00
11
00
C6
D5
11
00
5E
71
12
00
00
00
11
00
C9
D7
11
00
5E
73
12
00
00
00
11
00
C9
D9
11
00
61
73
12
00
00
00
11
00
C9
D7
11
00
61
72
12
00
00
00
11
00
C9
D8
11
00
61
73
12
00
00
00
11
00
C9
D9
11
00
61
73
12
00
00
00
11
00
CA
DB
11
00
62
75
12
00
00
00
11
00
CA
DB
11
00
61
74
12
00
00
00
11
00
CA
DB
11
00
61
75
12
00
00
00
11
00
CA
DB
11
00
61
75
12
00
00
00
11
00
CA
DB
11
00
62
74
12
00
00
00
11
00
CA
DB
11
00
62
77
12
00
00
15
11
00
CD
DE
11
00
66
78
12
00
00
17
11
00
CF
DF
11
00
66
77
12
00
00
17
11
00
CE
DE
11
00
66
78
12
00
00
17
11
00
CE
DF
11
00
67
79
12
00
00
17
11
00
D1
E1
11
00
69
7B
10
00
00
1A
11
00
D1
E1
11
00
69
7B
10
00
00
1B
11
00
D2
E1
11
00
69
7B
10
00
00
18
11
00
D2
E1
11
00
69
7B
10
00
00
1B
11
00
D2
E1
11
00
69
7F
10
00
00
1D
11
00
D5
E3
11
00
69
7B
10
00
00
1B
11
00
D2
E3
11
00
69
7D
10
00
00
1F
11
00
D5
E3
11
00
6A
7E
10
00
00
1F
11
00
D6
E7
11
00
71
82
10
00
00
21
11
00
DA
E9
11
00
71
83
11
00
00
21
11
00
DA
E9
11
00
71
83
10
00
00
21
11
00
D6
E7
11
00
6F
83
10
00
00
21
11
00
DA
E9
11
00
71
81
10
00
00
21
11
00
DA
E9
11
00
71
83
10
00
00
21
11
00
DD
E9
10
00
72
85
11
00
00
21
11
00
DD
EB
10
00
76
85
11
00
00
21
11
00
DE
EB
10
00
75
85
11
00
00
21
11
00
DD
EB
10
00
75
85
11
00
00
21
11
00
DE
00
10
00
76
87
11
00
00
21
11
00
E1
00
10
00
76
87
11
00
00
21
11
00
DE
00
10
00
76
85
11
00
00
21
11
00
DF
00
10
00
76
86
11
00
00
21
11
00
E1
00
10
00
79
87
11
00
00
21
11
00
DE
00
10
00
76
87
11
00
00
22
11
00
E1
00
10
00
79
87
11
00
00
23
11
00
E1
00
10
00
79
8A
11
00
00
24
11
00
E2
00
10
00
7A
8B
11
00
00
25
11
00
E2
00
10
00
7D
8D
11
00
00
26
11
00
E2
00
10
00
7B
8B
11
00
00
26
11
00
E5
00
10
00
7E
8D
11
00
00
27
11
00
E6
00
10
00
7E
8E
11
00
00
28
11
00
E6
00
10
00
7E
8F
11
00
00
29
11
00
E9
00
10
00
7E
8E
11
00
00
29
11
00
E7
00
10
00
7E
8F
11
00
00
29
11
00
E9
00
10
00
81
91
11
00
00
29
11
00
E9
00
10
00
81
91
11
00
1E
2B
11
00
E9
00
10
00
81
91
11
00
00
2B
11
00
E9
00
10
00
7E
8F
11
00
00
2B
11
00
E9
00
10
00
82
93
11
00
1E
2B
11
00
EA
00
10
00
82
93
11
00
1E
2C
11
00
EA
00
10
00
85
94
11
00
21
2E
11
00
EA
00
10
00
85
95
11
00
21
2D
11
00
EA
00
10
00
82
95
11
00
21
30
11
00
00
00
10
00
85
95
11
00
21
2D
11
00
EA
00
10
00
85
95
11
00
21
2F
11
00
00
00
10
00
85
95
11
00
21
31
11
00
00
00
10
00
85
95
11
00
21
30
11
00
00
00
10
00
85
97
11
00
21
31
11
00
00
00
10
00
85
97
11
00
21
33
11
00
00
00
10
00
85
97
11
00
21
35
11
00
00
00
10
00
8A
9B
11
00
21
37
11
00
00
00
10
00
8D
9D
11
00
22
38
11
00
00
00
10
00
8B
9D
11
00
21
37
11
00
00
00
10
00
8D
9E
11
00
22
39
11
00
00
00
10
00
91
A1
11
00
26
3D
11
00
00
00
10
00
91
A1
11
00
26
3B
11
00
00
00
10
00
92
A3
11
00
29
3B
11
00
00
00
10
00
8F
A0
11
00
26
39
11
00
00
00
10
00
8E
9F
11
00
25
39
11
00
00
00
10
00
8E
A1
11
00
26
3B
11
00
00
00
10
00
8E
A3
11
00
29
3D
11
00
00
00
10
00
92
A3
11
00
29
3D
11
00
00
00
10
00
92
A3
11
00
29
3D
11
00
00
00
10
00
92
A3
11
00
29
3B
11
00
00
00
10
00
91
A3
11
00
29
3B
11
00
00
00
10
00
92
A3
11
00
29
3F
11
00
00
00
10
00
92
A5
11
00
2A
41
11
00
00
00
10
00
95
A8
11
00
2E
43
11
00
00
00
10
00
96
AB
11
00
31
43
11
00
00
00
10
00
95
A9
11
00
2E
43
11
00
00
00
10
00
95
A9
11
00
2E
43
11
00
00
00
10
00
96
A8
11
00
2E
43
11
00
00
00
10
00
95
A7
11
00
2E
41
11
00
00
00
10
00
95
A7
11
00
2E
43
11
00
00
00
10
00
96
AC
11
00
31
45
11
00
00
00
10
00
99
AB
11
00
31
45
11
00
00
00
10
00
9D
AD
11
00
32
47
11
00
00
00
10
00
9D
AD
11
00
36
49
11
00
00
00
10
00
9E
AD
11
00
36
49
11
00
00
00
10
00
9D
AD
11
00
32
45
11
00
00
00
10
00
9A
AD
11
00
33
49
11
00
00
00
10
00
9E
AD
11
00
36
48
11
00
00
00
10
00
A1
AF
11
00
39
4B
11
00
00
00
10
00
A1
AF
11
00
39
49
11
00
00
00
10
00
A1
B3
11
00
39
4C
11
00
00
00
10
00
A2
B3
11
00
39
4C
11
00
00
00
10
00
A2
B3
11
00
39
4D
11
00
00
00
10
00
A2
B3
11
00
39
4C
11
00
00
00
10
00
A2
B3
11
00
39
4B
11
00
00
00
10
00
A2
B3
11
00
39
4F
11
00
00
00
10
00
A5
B3
11
00
3A
4D
11
00
00
00
10
00
A5
B5
11
00
3A
51
11
00
00
00
10
00
A6
B7
11
00
3E
51
11
00
00
00
10
00
A7
B9
11
00
3E
51
11
00
00
00
10
00
AA
B9
11
00
3E
51
11
00
00
00
10
00
AD
BB
11
00
42
53
11
00
00
00
10
00
AA
B9
11
00
42
53
11
00
00
00
10
00
AD
BB
11
00
45
55
11
00
00
00
10
00
AD
BA
11
00
42
55
11
00
00
00
10
00
AD
B9
11
00
42
53
11
00
00
00
10
00
AD
BB
11
00
45
55
11
00
00
00
10
00
AD
BB
11
00
42
53
11
00
00
00
10
00
AD
BB
11
00
42
55
11
00
00
00
10
00
AD
BD
11
00
46
57
11
00
00
00
10
00
AD
BF
11
00
45
57
11
00
00
00
10
00
AD
BF
11
00
46
59
11
00
00
00
10
00
AE
BF
11
00
47
59
11
00
00
00
10
00
AE
BF
11
00
46
59
11
00
00
00
10
00
AE
BF
11
00
49
59
11
00
00
00
10
00
B2
C3
11
00
4A
5D
11
00
00
00
10
00
B5
C3
11
00
4A
5F
11
00
00
00
10
00
B5
C4
11
00
4D
5F
11
00
00
00
10
00
B6
C7
11
00
4E
61
11
00
00
00
10
00
B6
C5
11
00
4D
5F
11
00
00
00
10
00
B5
C3
11
00
4D
5F
11
00
00
00
10
00
B6
C6
11
00
4E
5F
11
00
00
00
10
00
B5
C4
11
00
4B
5F
11
00
00
00
10
00
B5
C4
11
00
4D
5F
11
00
00
00
10
00
B6
C5
11
00
4E
61
11
00
00
00
10
00
B7
C7
11
00
4E
61
11
00
00
00
10
00
B6
C7
11
00
4E
5F
11
00
00
00
10
00
B9
C7
11
00
4E
61
11
00
00
00
10
00
B9
C9
11
00
51
62
11
00
00
00
10
00
B9
C9
11
00
51
61
11
00
00
00
10
00
B9
C9
11
00
51
63
11
00
00
00
10
00
BB
CB
11
00
52
63
11
00
00
00
10
00
BD
CB
11
00
51
67
11
00
00
00
10
00
BD
CD
11
00
53
69
12
00
00
00
11
00
BD
CD
11
00
52
69
12
00
00
00
11
00
BE
CE
11
00
55
69
11
00
00
00
11
00
BE
CD
11
00
53
69
11
00
00
00
11
00
BE
CF
11
00
56
69
12
00
00
00
11
00
BE
CE
11
00
55
69
12
00
00
00
11
00
BE
CF
11
00
56
69
12
00
00
00
11
00
C2
D3
11
00
5A
6F
12
00
00
00
11
00
C2
D1
11
00
56
6A
12
00
00
00
11
00
C1
D2
11
00
59
6A
12
00
00
00
11
00
C2
D4
11
00
5A
6F
12
00
00
00
11
00
C9
D5
11
00
5E
71
12
00
00
00
11
00
C6
D5
11
00
5E
71
12
00
00
00
11
00
C6
D5
11
00
5E
71
12
00
00
00
11
00
C3
D3
11
00
5A
71
12
00
00
00
11
00
C9
D7
11
00
5E
71
12
00
00
00
11
00
C9
D7
11
00
5E
71
12
00
00
00
11
00
C9
D6
11
00
5E
71
12
00
00
00
11
00
C9
D7
11
00
61
72
12
00
00
00
11
00
C9
D9
11
00
61
73
12
00
00
00
11
00
CA
DB
11
00
62
76
12
00
00
00
11
00
CA
DB
11
00
61
73
12
00
00
00
11
00
CA
DD
11
00
62
78
12
00
00
17
11
00
CF
DF
11
00
66
78
12
00
00
17
11
00
D1
DF
11
00
66
77
12
00
00
00
11
00
CD
DE
11
00
66
77
12
00
00
15
11
00
CE
DF
11
00
66
78
12
00
00
17
11
00
D1
DF
11
00
69
79
10
00
00
17
11
00
D1
E1
11
00
69
79
10
00
00
18
11
00
D1
E1
11
00
69
7B
10
00
00
1B
11
00
D2
E1
11
00
69
7B
10
00
00
1B
11
00
D2
E1
11
00
69
7E
10
00
00
1D
11
00
D5
E6
11
00
6A
80
10
00
00
1D
11
00
D5
E3
11
00
6A
7D
10
00
00
1D
11
00
D5
E5
11
00
6E
81
10
00
00
21
11
00
D6
E7
11
00
71
81
10
00
00
20
11
00
D6
E7
11
00
6E
81
10
00
00
21
11
00
D6
E8
11
00
71
81
10
00
00
21
11
00
D6
E7
11
00
71
81
10
00
00
20
11
00
D6
E7
11
00
6E
81
10
00
00
21
11
00
DA
E7
11
00
71
83
10
00
00
21
11
00
DA
E9
11
00
72
83
10
00
00
21
11
00
DA
E9
11
00
71
83
10
00
00
21
11
00
DA
E9
11
00
71
83
11
00
00
21
11
00
DA
E9
11
00
71
83
10
00
00
21
11
00
DA
E9
11
00
71
83
10
00
00
21
11
00
DA
EA
11
00
71
83
10
00
00
21
11
00
DD
EA
10
00
73
85
11
00
00
21
11
00
DD
EB
10
00
75
85
11
00
00
21
11
00
DD
EB
10
00
75
85
11
00
00
21
11
00
DE
EB
10
00
75
85
11
00
00
21
11
00
DE
00
10
00
76
87
11
00
00
21
11
00
E1
00
10
00
77
87
11
00
00
21
11
00
E1
00
10
00
79
87
11
00
00
22
11
00
E1
00
10
00
7A
8B
11
00
00
23
11
00
E2
00
10
00
7A
8D
11
00
00
27
11
00
E6
00
10
00
7E
8F
11
00
00
27
11
00
E6
00
10
00
7E
8F
11
00
00
29
11
00
E7
00
10
00
7E
8D
11
00
00
27
11
00
E6
00
10
00
7D
8D
11
00
00
29
11
00
E6
00
10
00
81
8F
11
00
00
27
11
00
E7
00
10
00
7E
8F
11
00
00
29
11
00
E7
00
10
00
81
8F
11
00
00
2A
11
00
E9
00
10
00
81
90
11
00
1E
2B
11
00
E9
00
10
00
81
93
11
00
1E
2C
11
00
E9
00
10
00
85
95
11
00
21
2D
11
00
EA
00
10
00
82
93
11
00
21
2C
11
00
EA
00
10
00
81
93
11
00
1E
2E
11
00
EA
00
10
00
82
91
11
00
1E
2D
11
00
EA
00
10
00
82
93
11
00
21
2D
11
00
EA
00
10
00
82
94
11
00
21
30
11
00
00
00
10
00
85
95
11
00
21
30
11
00
00
00
10
00
85
95
11
00
21
31
11
00
00
00
10
00
85
95
11
00
21
32
11
00
00
00
10
00
85
95
11
00
21
31
11
00
00
00
10
00
85
95
11
00
21
2F
11
00
00
00
10
00
85
95
11
00
21
30
11
00
00
00
10
00
85
95
11
00
21
32
11
00
00
00
10
00
86
99
11
00
21
37
11
00
00
00
10
00
87
9B
11
00
21
35
11
00
00
00
10
00
89
9B
11
00
21
33
11
00
00
00
10
00
8A
9C
11
00
21
37
11
00
00
00
10
00
8A
9D
11
00
22
37
11
00
00
00
10
00
89
9C
11
00
21
37
11
00
00
00
10
00
8D
9E
11
00
22
39
11
00
00
00
10
00
8E
9F
11
00
25
39
11
00
00
00
10
00
8E
A0
11
00
25
3B
11
00
00
00
10
00
91
A3
11
00
29
3F
11
00
00
00
10
00
92
A3
11
00
29
3F
11
00
00
00
10
00
92
A3
11
00
29
3D
11
00
00
00
10
00
92
A3
11
00
26
3B
11
00
00
00
10
00
92
A3
11
00
29
3F
11
00
00
00
10
00
92
A5
11
00
2A
3F
11
00
00
00
10
00
95
A7
11
00
2E
42
11
00
00
00
10
00
95
A5
11
00
2A
3F
11
00
00
00
10
00
92
A3
11
00
29
3B
11
00
00
00
10
00
92
A3
11
00
29
3D
11
00
00
00
10
00
92
A3
11
00
2A
3F
11
00
00
00
10
00
95
A7
11
00
2A
3F
11
00
00
00
10
00
95
A7
11
00
2A
3F
11
00
00
00
10
00
95
AB
11
00
31
45
11
00
00
00
10
00
96
AD
11
00
31
43
11
00
00
00
10
00
96
AB
11
00
2E
43
11
00
00
00
10
00
96
AB
11
00
31
45
11
00
00
00
10
00
9B
AD
11
00
35
47
11
00
00
00
10
00
9D
AD
11
00
35
47
11
00
00
00
10
00
9D
AD
11
00
35
46
11
00
00
00
10
00
9D
AD
11
00
35
47
11
00
00
00
10
00
9D
AD
11
00
35
47
11
00
00
00
10
00
9D
AD
11
00
35
47
11
00
00
00
10
00
9D
AD
11
00
35
47
11
00
00
00
10
00
9D
AD
11
00
36
47
11
00
00
00
10
00
9E
AF
11
00
39
49
11
00
00
00
10
00
9E
AD
11
00
36
49
11
00
00
00
10
00
A1
AF
11
00
39
4B
11
00
00
00
10
00
A1
B5
11
00
3A
4D
11
00
00
00
10
00
A2
B3
11
00
39
4C
11
00
00
00
10
00
A1
B3
11
00
3A
4D
11
00
00
00
10
00
A5
B3
11
00
3A
4F
11
00
00
00
10
00
A2
B3
11
00
39
4D
11
00
00
00
10
00
A2
B3
11
00
39
4F
11
00
00
00
10
00
A6
B6
11
00
3A
4F
11
00
00
00
10
00
A6
B6
11
00
3D
4F
11
00
00
00
10
00
A6
B7
11
00
3E
51
11
00
00
00
10
00
AA
B7
11
00
3E
50
11
00
00
00
10
00
A9
B9
11
00
3E
51
11
00
00
00
10
00
A9
B9
11
00
42
51
11
00
00
00
10
00
AD
BB
11
00
42
53
11
00
00
00
10
00
AD
B9
11
00
42
53
11
00
00
00
10
00
AD
B9
11
00
42
53
11
00
00
00
10
00
AD
BB
11
00
45
57
11
00
00
00
10
00
AD
BD
11
00
45
57
11
00
00
00
10
00
AE
BD
11
00
46
59
11
00
00
00
10
00
AE
BF
11
00
47
59
11
00
00
00
10
00
B2
C3
11
00
4A
59
11
00
00
00
10
00
B2
BF
11
00
49
59
11
00
00
00
10
00
B2
BF
11
00
47
59
11
00
00
00
10
00
AE
BF
11
00
47
59
11
00
00
00
10
00
B2
C0
11
00
49
5B
11
00
00
00
10
00
B3
C1
11
00
4A
5B
11
00
00
00
10
00
B2
C1
11
00
4A
5B
11
00
00
00
10
00
B3
C1
11
00
49
5B
11
00
00
00
10
00
B5
C3
11
00
4B
5F
11
00
00
00
10
00
B5
C6
11
00
4E
60
11
00
00
00
10
00
B9
C7
11
00
4E