DA
53
14
00
DA
00
14
00
8A
00
13
00
3A
9F
14
00
00
51
14
00
D6
00
14
00
89
00
13
00
3B
9F
14
00
00
51
14
00
D6
00
14
00
85
E9
13
00
36
9B
14
00
00
4C
14
00
D1
00
13
00
82
E3
13
00
32
95
14
00
00
47
14
00
CA
00
13
00
7D
DD
13
00
2A
8F
14
00
00
42
14
00
C6
00
13
00
79
DA
13
00
26
8C
14
00
00
3F
14
00
C5
00
13
00
76
D7
13
00
25
89
14
00
00
3D
14
00
C1
00
13
00
71
D4
13
00
21
85
14
00
00
39
14
00
BD
00
13
00
71
D3
13
00
21
85
14
00
00
37
14
00
BA
00
13
00
69
CB
13
00
21
81
14
00
00
31
14
00
B6
00
13
00
66
C9
13
00
00
7D
14
00
00
2E
14
00
B2
00
13
00
61
C3
13
00
00
77
14
00
00
29
14
00
AD
00
13
00
5E
C1
13
00
00
73
14
00
00
23
14
00
AA
00
13
00
59
BD
13
00
00
71
14
00
00
21
14
00
A6
00
13
00
53
B9
12
00
00
69
14
00
00
21
14
00
A1
00
13
00
51
B5
12
00
00
68
14
00
00
1F
14
00
9D
00
13
00
4D
B3
12
00
00
61
14
00
E9
1B
14
00
96
00
13
00
4A
AF
14
00
00
61
14
00
E7
17
14
00
95
00
13
00
45
AB
14
00
00
59
14
00
E1
00
14
00
8E
00
13
00
42
A7
14
00
00
57
14
00
DE
00
14
00
8D
00
13
00
3D
A0
14
00
00
51
14
00
D6
00
14
00
87
E9
13
00
39
9D
14
00
00
50
14
00
D5
00
14
00
86
E9
13
00
39
9B
14
00
00
4F
14
00
D2
00
13
00
85
E7
13
00
35
95
14
00
00
4B
14
00
CF
00
13
00
81
E3
13
00
31
95
14
00
00
46
14
00
CA
00
13
00
7D
DF
13
00
2A
90
14
00
00
44
14
00
C6
00
13
00
79
DB
13
00
29
8B
14
00
00
3F
14
00
C2
00
13
00
75
D5
13
00
22
86
14
00
00
39
14
00
BD
00
13
00
71
D3
13
00
21
85
14
00
00
37
14
00
BA
00
13
00
69
CD
13
00
21
82
14
00
00
31
14
00
B6
00
13
00
66
C9
13
00
00
7D
14
00
00
2D
14
00
B2
00
13
00
62
C7
13
00
00
79
14
00
00
29
14
00
AD
00
13
00
5E
C1
13
00
00
75
14
00
00
26
14
00
AD
00
13
00
59
BD
13
00
00
71
14
00
00
23
14
00
A9
00
13
00
55
BB
12
00
00
6F
14
00
00
21
14
00
A5
00
13
00
52
B9
12
00
00
69
14
00
00
21
14
00
A1
00
13
00
51
B6
12
00
00
69
14
00
00
21
14
00
9D
00
13
00
4E
AF
14
00
00
61
14
00
E9
1B
14
00
95
00
13
00
49
AD
14
00
00
5C
14
00
E2
00
14
00
92
00
13
00
45
A7
14
00
00
59
14
00
E1
00
14
00
91
00
13
00
41
A4
14
00
00
53
14
00
DD
00
14
00
8A
00
13
00
3D
9F
14
00
00
51
14
00
D6
00
14
00
85
E9
13
00
39
9D
14
00
00
51
14
00
D5
00
14
00
86
E9
13
00
39
9B
14
00
00
4D
14
00
D2
00
13
00
82
E3
13
00
32
95
14
00
00
47
14
00
CD
00
13
00
7E
DF
13
00
2D
8F
14
00
00
43
14
00
C6
00
13
00
77
DB
13
00
26
8D
14
00
00
3F
14
00
C3
00
13
00
75
D6
13
00
25
8A
14
00
00
3D
14
00
C1
00
13
00
72
D4
13
00
21
87
14
00
00
3B
14
00
BE
00
13
00
71
D3
13
00
21
85
14
00
00
39
14
00
BA
00
13
00
6A
CF
13
00
21
83
14
00
00
33
14
00
B6
00
13
00
69
C9
13
00
1D
7D
14
00
00
2E
14
00
B2
00
13
00
61
C6
13
00
00
79
14
00
00
2B
14
00
AE
00
13
00
5E
C1
13
00
00
73
14
00
00
25
14
00
AA
00
13
00
59
BB
13
00
00
6F
14
00
00
21
14
00
A5
00
13
00
53
B9
12
00
00
6B
14
00
00
21
14
00
A1
00
13
00
51
B3
12
00
00
67
14
00
EB
1F
14
00
9D
00
13
00
4E
B3
12
00
00
63
14
00
EA
1D
14
00
9A
00
13
00
4A
AF
14
00
00
61
14
00
E9
1B
14
00
95
00
13
00
49
AD
14
00
00
5F
14
00
E3
15
14
00
95
00
13
00
45
AA
14
00
00
59
14
00
E1
00
14
00
8F
00
13
00
41
A3
14
00
00
53
14
00
DA
00
14
00
8A
EB
13
00
3A
9F
14
00
00
51
14
00
D5
00
14
00
85
E9
13
00
36
9B
14
00
00
4D
14
00
D3
00
13
00
85
E9
13
00
36
98
14
00
00
4D
14
00
D1
00
13
00
82
E3
13
00
31
95
14
00
00
47
14
00
CA
00
13
00
7E
DF
13
00
2A
91
14
00
00
45
14
00
C9
00
13
00
79
DB
13
00
26
8D
14
00
00
40
14
00
C3
00
13
00
75
D7
13
00
22
87
14
00
00
3B
14
00
BE
00
13
00
72
D3
13
00
21
85
14
00
00
39
14
00
BD
00
13
00
6E
CF
13
00
21
83
14
00
00
31
14
00
B5
00
13
00
69
C9
13
00
1D
7D
14
00
00
2F
14
00
B5
00
13
00
62
C7
13
00
00
7B
14
00
00
2B
14
00
AE
00
13
00
5F
C3
13
00
00
77
14
00
00
27
14
00
AD
00
13
00
5A
BD
13
00
00
71
14
00
00
23
14
00
AA
00
13
00
56
BB
12
00
00
6D
14
00
00
21
14
00
A1
00
13
00
51
B5
12
00
00
67
14
00
EB
1F
14
00
9D
00
13
00
51
B4
12
00
00
67
14
00
EB
1E
14
00
9B
00
13
00
4A
AF
14
00
00
61
14
00
E9
1B
14
00
95
00
13
00
46
AD
14
00
00
5E
14
00
E2
15
14
00
95
00
13
00
45
AB
14
00
00
5B
14
00
E2
00
14
00
92
00
13
00
42
A7
14
00
00
57
14
00
DE
00
14
00
8D
00
13
00
3D
A0
14
00
00
51
14
00
D6
00
14
00
86
E9
13
00
39
9D
14
00
00
4F
14
00
D5
00
13
00
85
E7
13
00
35
95
14
00
00
4B
14
00
D1
00
13
00
81
E2
13
00
31
95
14
00
00
47
14
00
CA
00
13
00
7D
DD
13
00
2A
91
14
00
00
44
14
00
C9
00
13
00
7A
DC
13
00
29
8F
14
00
00
41
14
00
C6
00
13
00
76
D9
13
00
26
8B
14
00
00
3F
14
00
C1
00
13
00
72
D5
13
00
22
86
14
00
00
39
14
00
BD
00
13
00
6E
D1
13
00
21
85
14
00
00
39
14
00
BB
00
13
00
6A
CF
13
00
21
83
14
00
00
33
14
00
B7
00
13
00
69
C9
13
00
1E
7D
14
00
00
2D
14
00
B2
00
13
00
62
C4
13
00
00
77
14
00
00
27
14
00
AD
00
13
00
5A
BF
13
00
00
73
14
00
00
25
14
00
AD
00
13
00
59
BB
13
00
00
71
14
00
00
21
14
00
A6
00
13
00
55
BB
12
00
00
6F
14
00
00
21
14
00
A5
00
13
00
55
B9
12
00
00
69
14
00
00
21
14
00
A1
00
13
00
51
B5
12
00
00
69
14
00
00
21
14
00
9E
00
13
00
4E
B3
12
00
00
63
14
00
EA
1D
14
00
96
00
13
00
4A
AD
14
00
00
5F
14
00
E6
18
14
00
95
00
13
00
49
AD
14
00
00
5B
14
00
E2
00
14
00
92
00
13
00
45
A7
14
00
00
59
14
00
E1
00
14
00
8E
00
13
00
3D
9F
14
00
00
51
14
00
D6
00
14
00
85
E9
13
00
39
9D
14
00
00
4F
14
00
D5
00
14
00
85
E7
13
00
35
98
14
00
00
4B
14
00
D1
00
13
00
81
E1
13
00
31
95
14
00
00
47
14
00
CA
00
13
00
7E
DF
13
00
2D
91
14
00
00
44
14
00
C9
00
13
00
79
DB
13
00
29
8D
14
00
00
3F
14
00
C3
00
13
00
75
D7
13
00
25
8A
14
00
00
3D
14
00
C1
00
13
00
71
D3
13
00
21
86
14
00
00
39
14
00
BD
00
13
00
6E
D1
13
00
21
83
14
00
00
37
14
00
BA
00
13
00
6A
CB
13
00
21
7F
14
00
00
30
14
00
B5
00
13
00
65
C7
13
00
00
7B
14
00
00
2B
14
00
B1
00
13
00
61
C3
13
00
00
77
14
00
00
2B
14
00
AD
00
13
00
5E
C1
13
00
00
76
14
00
00
25
14
00
AD
00
13
00
59
BD
13
00
00
71
14
00
00
21
14
00
A6
00
13
00
55
B9
12
00
00
6A
14
00
00
21
14
00
A1
00
13
00
51
B7
12
00
00
69
14
00
00
21
14
00
9E
00
13
00
4E
B3
12
00
00
67
14
00
00
1F
14
00
9D
00
13
00
4D
AF
14
00
00
61
14
00
E9
17
14
00
95
00
13
00
49
AD
14
00
00
5B
14
00
E1
00
14
00
91
00
13
00
45
A7
14
00
00
58
14
00
DE
00
14
00
8E
00
13
00
3E
A3
14
00
00
51
14
00
DA
00
14
00
8A
EB
13
00
39
9F
14
00
00
51
14
00
D5
00
14
00
85
E9
13
00
36
9B
14
00
00
4D
14
00
D2
00
13
00
82
E5
13
00
32
95
14
00
00
49
14
00
CE
00
13
00
81
E3
13
00
31
95
14
00
00
47
14
00
CA
00
13
00
7E
DF
13
00
2A
8F
14
00
00
40
14
00
C5
00
13
00
76
D9
13
00
26
8B
14
00
00
3F
14
00
C5
00
13
00
76
D8
13
00
26
8D
14
00
00
42
14
00
C5
00
13
00
76
D5
13
00
25
87
14
00
00
3A
14
00
BD
00
13
00
6E
CF
13
00
21
83
14
00
00
33
14
00
B9
00
13
00
69
C9
13
00
1E
7D
14
00
00
2F
14
00
B5
00
13
00
62
C7
13
00
00
7B
14
00
00
2C
14
00
B2
00
13
00
61
C3
13
00
00
77
14
00
00
29
14
00
AD
00
13
00
5B
BD
13
00
00
71
14
00
00
21
14
00
A7
00
13
00
56
BB
12
00
00
6F
14
00
00
21
14
00
A5
00
13
00
52
B9
12
00
00
69
14
00
00
21
14
00
A1
00
13
00
51
B5
12
00
00
67
14
00
00
1F
14
00
9D
00
13
00
4D
AF
14
00
00
61
14
00
E9
1B
14
00
95
00
13
00
49
AD
14
00
00
5C
14
00
E2
15
14
00
95
00
13
00
45
AA
14
00
00
59
14
00
E1
00
14
00
8E
00
13
00
42
A7
14
00
00
57
14
00
DE
00
14
00
8E
00
13
00
3E
A3
14
00
00
53
14
00
DA
00
14
00
87
EB
13
00
39
9D
14
00
00
50
14
00
D5
00
13
00
85
E6
13
00
35
95
14
00
00
49
14
00
CE
00
13
00
81
E1
13
00
2E
93
14
00
00
47
14
00
CD
00
13
00
7E
DF
13
00
2D
91
14
00
00
45
14
00
C9
00
13
00
79
DB
13
00
26
8D
14
00
00
41
14
00
C2
00
13
00
76
D7
13
00
25
8B
14
00
00
3F
14
00
C2
00
13
00
75
D5
13
00
22
87
14
00
00
3A
14
00
BE
00
13
00
71
D1
13
00
21
85
14
00
00
37
14
00
B9
00
13
00
69
CB
13
00
21
81
14
00
00
33
14
00
B6
00
13
00
69
C9
13
00
00
7C
14
00
00
2F
14
00
B2
00
13
00
61
C5
13
00
00
7B
14
00
00
2B
14
00
AE
00
13
00
5E
C0
13
00
00
73
14
00
00
23
14
00
AA
00
13
00
59
BB
13
00
00
71
14
00
00
21
14
00
A6
00
13
00
56
B9
12
00
00
6B
14
00
00
21
14
00
A2
00
13
00
51
B7
12
00
00
69
14
00
00
21
14
00
9E
00
13
00
4E
B3
12
00
00
63
14
00
EA
1D
14
00
9D
00
13
00
4D
AE
14
00
00
5F
14
00
E6
17
14
00
95
00
13
00
49
AD
14
00
00
5B
14
00
E2
00
14
00
92
00
13
00
45
AA
14
00
00
59
14
00
E1
00
14
00
91
00
13
00
41
A3
14
00
00
56
14
00
DD
00
14
00
8D
00
13
00
3D
A1
14
00
00
53
14
00
D9
00
14
00
86
E9
13
00
39
9B
14
00
00
4D
14
00
D2
00
13
00
85
E5
13
00
31
95
14
00
00
49
14
00
CE
00
13
00
81
E1
13
00
2E
93
14
00
00
47
14
00
CA
00
13
00
7D
DD
13
00
2A
8F
14
00
00
43
14
00
C9
00
13
00
79
DD
13
00
29
8E
14
00
00
43
14
00
C6
00
13
00
76
D9
13
00
25
8B
14
00
00
3B
14
00
BE
00
13
00
72
D4
13
00
21
85
14
00
00
39
14
00
BB
00
13
00
6F
D1
13
00
21
83
14
00
00
35
14
00
B9
00
13
00
69
CB
13
00
21
7F
14
00
00
30
14
00
B5
00
13
00
62
C7
13
00
00
79
14
00
00
2B
14
00
AE
00
13
00
61
C5
13
00
00
77
14
00
00
28
14
00
AD
00
13
00
5E
BF
13
00
00
73
14
00
00
25
14
00
AA
00
13
00
59
BB
12
00
00
6F
14
00
00
21
14
00
A5
00
13
00
52
B9
12
00
00
6B
14
00
00
21
14
00
A2
00
13
00
51
B6
12
00
00
69
14
00
00
21
14
00
9D
00
13
00
4E
B0
12
00
00
63
14
00
EA
1F
14
00
9D
00
13
00
4A
AD
14
00
00
5F
14
00
E6
17
14
00
95
00
13
00
46
AB
14
00
00
5B
14
00
E1
00
14
00
92
00
13
00
42
A5
14
00
00
55
14
00
DD
00
14
00
8D
00
13
00
3D
A1
14
00
00
51
14
00
D6
00
14
00
86
E9
13
00
39
9D
14
00
00
4F
14
00
D5
00
14
00
86
E9
13
00
39
9D
14
00
00
4D
14
00
D2
00
13
00
82
E5
13
00
32
95
14
00
00
49
14
00
CE
00
13
00
81
E1
13
00
2E
94
14
00
00
47
14
00
CA
00
13
00
7E
DE
13
00
2A
8F
14
00
00
41
14
00
C5
00
13
00
76
D7
13
00
25
8B
14
00
00
3F
14
00
C2
00
13
00
72
D5
13
00
22
87
14
00
00
3B
14
00
BE
00
13
00
71
D1
13
00
21
85
14
00
00
37
14
00
BA
00
13
00
6A
CD
13
00
21
83
14
00
00
34
14
00
B9
00
13
00
69
CB
13
00
1E
7F
14
00
00
2F
14
00
B5
00
13
00
62
C7
13
00
00
7B
14
00
00
2C
14
00
B2
00
13
00
61
C3
13
00
00
78
14
00
00
29
14
00
AD
00
13
00
5F
BF
13
00
00
73
14
00
00
25
14
00
AA
00
13
00
59
BB
12
00
00
71
14
00
00
21
14
00
A5
00
13
00
51
B7
12
00
00
69
14
00
00
21
14
00
9E
00
13
00
4E
B3
12
00
00
67
14
00
EA
20
14
00
9D
00
13
00
4E
B0
12
00
00
63
14
00
E9
1B
14
00
96
00
13
00
49
AD
14
00
00
5E
14
00
E2
00
14
00
92
00
13
00
42
A8
14
00
00
59
14
00
E1
00
14
00
91
00
13
00
3E
A3
14
00
00
53
14
00
DA
00
14
00
8A
00
13
00
3A
9F
14
00
00
51
14
00
D5
00
14
00
85
E9
13
00
39
9D
14
00
00
4F
14
00
D5
00
14
00
85
E9
13
00
36
99
14
00
00
4D
14
00
D2
00
13
00
82
E3
13
00
32
95
14
00
00
47
14
00
CD
00
13
00
7E
E1
13
00
2E
93
14
00
00
47
14
00
CA
00
13
00
7D
DD
13
00
2A
8F
14
00
00
43
14
00
C6
00
13
00
76
D7
13
00
25
8A
14
00
00
3B
14
00
C1
00
13
00
71
D3
13
00
21
85
14
00
00
39
14
00
BD
00
13
00
71
D3
13
00
21
85
14
00
00
37
14
00
BA
00
13
00
6A
CD
13
00
21
81
14
00
00
31
14
00
B5
00
13
00
66
C9
13
00
00
7D
14
00
00
2F
14
00
B2
00
13
00
61
C4
13
00
00
79
14
00
00
2B
14
00
AE
00
13
00
5E
C1
13
00
00
75
14
00
00
25
14
00
AD
00
13
00
5A
BD
13
00
00
71
14
00
00
23
14
00
AD
00
13
00
59
BB
13
00
00
71
14
00
00
21
14
00
A6
00
13
00
52
B9
12
00
00
6B
14
00
00
21
14
00
A1
00
13
00
51
B5
12
00
00
67
14
00
EA
1F
14
00
9D
00
13
00
4D
AE
14
00
00
61
14
00
E6
17
14
00
95
00
13
00
49
AD
14
00
00
5B
14
00
E2
00
14
00
92
00
13
00
45
A8
14
00
00
59
14
00
E1
00
14
00
91
00
13
00
42
A5
14
00
00
57
14
00
DD
00
14
00
8D
00
13
00
3D
A0
14
00
00
51
14
00
D9
00
14
00
89
EA
13
00
39
9C
14
00
00
4B
14
00
D2
00
13
00
83
E6
13
00
35
95
14
00
00
49
14
00
CF
00
13
00
81
E2
13
00
31
95
14
00
00
47
14
00
CA
00
13
00
7D
DD
13
00
2A
8D
14
00
00
3F
14
00
C2
00
13
00
72
D5
13
00
22
86
14
00
00
39
14
00
BD
00
13
00
71
D3
13
00
21
85
14
00
00
39
14
00
BD
00
13
00
6F
D1
13
00
21
85
14
00
00
39
14
00
BD
00
13
00
6F
D1
13
00
21
85
14
00
00
37
14
00
B9
00
13
00
69
CB
13
00
21
81
14
00
00
31
14
00
B6
00
13
00
66
C9
13
00
00
7B
14
00
00
2B
14
00
AE
00
13
00
5E
C1
13
00
00
73
14
00
00
25
14
00
AB
00
13
00
5A
BD
13
00
00
71
14
00
00
21
14
00
A5
00
13
00
55
B9
12
00
00
6B
14
00
00
21
14
00
A5
00
13
00
52
B9
12
00
00
69
14
00
00
21
14
00
9E
00
13
00
51
B3
12
00
00
63
14
00
EA
1F
14
00
9D
00
13
00
4D
AF
14
00
00
63
14
00
E9
1B
14
00
99
00
13
00
4A
AD
14
00
00
5F
14
00
E6
17
14
00
95
00
13
00
46
AB
14
00
00
59
14
00
E1
00
14
00
91
00
13
00
42
A5
14
00
00
55
14
00
DD
00
14
00
8D
00
13
00
41
A3
14
00
00
52
14
00
DA
00
14
00
89
EB
13
00
39
9E
14
00
00
51
14
00
D5
00
13
00
85
E8
13
00
36
9B
14
00
00
4D
14
00
D2
00
13
00
82
E3
13
00
32
95
14
00
00
49
14
00
CD
00
13
00
7E
E1
13
00
2D
95
14
00
00
47
14
00
CA
00
13
00
7D
DF
13
00
2A
8F
14
00
00
42
14
00
C6
00
13
00
76
DA
13
00
26
8B
14
00
00
3F
14
00
C2
00
13
00
76
D9
13
00
25
89
14
00
00
3B
14
00
BD
00
13
00
71
D3
13
00
21
85
14
00
00
37
14
00
BA
00
13
00
6A
CB
13
00
1F
81
14
00
00
31
14
00
B5
00
13
00
66
C9
13
00
1D
7B
14
00
00
2D
14
00
B2
00
13
00
61
C4
13
00
00
77
14
00
00
27
14
00