5E
68
64
00
5E
6A
64
00
5E
6A
64
00
5E
68
64
00
5E
6A
64
00
5E
68
64
00
60
6A
64
00
60
6A
64
00
60
6A
64
00
60
6A
64
00
60
6A
64
00
60
6C
64
00
60
6C
64
00
60
6C
64
00
62
6E
64
00
62
6E
64
00
62
6C
64
00
62
6E
64
00
62
6E
64
00
60
6D
64
00
60
6C
64
00
62
6C
64
00
62
6E
64
00
64
6E
64
00
64
6E
64
00
64
6E
64
00
62
6E
64
00
64
6E
64
00
64
70
64
00
64
70
64
00
64
70
64
00
64
70
64
00
64
70
64
00
64
6E
64
00
62
6E
64
00
62
6E
64
00
62
6E
64
00
62
6D
64
00
62
6E
64
00
62
6D
64
00
62
6E
64
00
64
70
64
00
64
70
64
00
64
6E
64
00
66
70
64
00
64
70
64
00
66
72
64
00
66
72
64
00
68
74
64
00
66
72
64
00
64
72
64
00
66
70
64
00
66
70
64
00
66
71
64
00
66
71
64
00
66
72
64
00
66
72
64
00
68
72
64
00
68
74
64
00
68
72
64
00
68
72
64
00
68
72
64
00
66
72
64
00
66
72
64
00
66
70
64
00
66
71
64
00
64
71
64
00
66
70
64
00
66
71
64
00
66
71
64
00
66
70
64
00
66
72
64
00
66
72
64
00
66
72
64
00
66
72
64
00
66
72
64
00
68
72
64
00
68
74
64
00
68
74
64
00
68
74
64
00
68
74
64
00
68
74
64
00
6A
76
64
00
6A
76
64
00
6A
76
64
00
6A
76
64
00
6C
76
64
00
6C
78
64
00
6C
78
64
00
6A
78
64
00
6A
76
64
00
6A
76
64
00
6A
76
64
00
6A
76
64
00
6A
76
64
00
6A
74
64
00
68
74
64
00
68
74
64
00
6A
74
64
00
68
74
64
00
68
74
64
00
68
72
64
00
68
74
64
00
68
74
64
00
6A
76
64
00
6A
76
64
00
6C
76
64
00
6C
78
64
00
6C
78
64
00
6A
78
64
00
6A
78
64
00
6C
78
64
00
6E
78
64
00
6C
78
64
00
6E
78
64
00
6E
78
64
00
6E
78
64
00
6E
78
64
00
6C
78
64
00
6C
78
64
00
6A
78
64
00
6A
78
64
00
6C
78
64
00
6E
78
64
00
6C
78
64
00
6E
78
64
00
6E
78
64
00
6E
78
64
00
6E
78
64
00
6E
78
64
00
70
7A
64
00
70
7A
64
00
70
7A
64
00
70
7A
64
00
70
7A
64
00
70
7A
64
00
70
7A
64
00
70
7C
64
00
70
7C
64
00
70
7A
64
00
70
7A
64
00
70
7A
64
00
70
7A
64
00
70
7A
64
00
70
7A
64
00
70
7A
64
00
70
7C
64
00
72
7C
64
00
70
7C
64
00
70
7C
64
00
72
7C
64
00
72
7C
64
00
72
7C
64
00
72
7C
64
00
72
7E
64
00
72
7E
64
00
72
7C
64
00
72
7C
64
00
72
7C
64
00
72
7E
64
00
72
7C
64
00
72
7C
64
00
72
7C
64
00
74
7E
64
00
74
7E
64
00
74
7E
64
00
74
7E
64
00
76
7E
64
00
74
7E
64
00
76
7E
64
00
76
7E
64
00
76
80
64
00
76
80
64
00
78
80
64
00
78
80
64
00
78
80
64
00
76
80
64
00
78
80
64
00
78
80
64
00
76
80
64
00
76
80
64
00
76
80
64
00
76
80
64
00
78
80
64
00
7A
80
64
00
7A
80
64
00
78
80
64
00
76
80
64
00
76
80
64
00
74
7E
64
00
76
7E
64
00
76
7E
64
00
76
7E
64
00
76
80
64
00
76
80
64
00
76
80
64
00
76
80
64
00
78
80
64
00
78
80
64
00
78
80
64
00
78
80
64
00
78
80
64
00
78
80
64
00
78
80
64
00
78
80
64
00
78
80
64
00
78
80
64
00
7A
80
64
00
7A
80
64
00
7A
80
64
00
7C
80
64
00
7C
80
64
00
7C
80
64
00
7C
80
64
00
7C
80
64
00
7C
80
64
00
7C
80
64
00
7A
80
64
00
7A
80
64
00
7C
80
64
00
7C
80
64
00
7C
80
64
00
7A
80
64
00
7C
80
64
00
7A
80
64
00
7A
80
64
00
7C
80
64
00
7C
80
64
00
7C
80
64
00
7C
80
64
00
7C
80
64
00
7C
80
64
00
7C
80
64
00
7C
80
64
00
7C
80
64
00
7C
82
64
00
7C
80
64
00
7C
80
64
00
7C
80
64
00
7C
80
64
00
7C
82
64
00
7E
82
64
00
7E
82
64
00
7E
86
64
00
7E
82
64
00
7C
82
64
00
7C
80
64
00
7C
82
64
00
7E
82
64
00
7E
82
64
00
7E
82
64
00
7E
85
64
00
80
86
64
00
80
86
64
00
80
86
64
00
80
86
64
00
80
86
64
00
80
86
64
00
80
86
64
00
80
86
64
00
80
88
64
00
80
88
64
00
80
88
64
00
80
86
64
00
80
88
64
00
80
88
64
00
80
88
64
00
80
88
64
00
80
88
64
00
80
88
64
00
80
88
64
00
80
8A
64
00
80
88
64
00
80
88
64
00
80
88
64
00
80
88
64
00
80
88
64
00
80
88
64
00
80
88
64
00
80
88
64
00
80
87
64
00
80
88
64
00
80
88
64
00
80
87
64
00
80
88
64
00
80
88
64
00
80
8A
64
00
80
8B
64
00
80
8A
64
00
80
8A
64
00
80
8A
64
00
80
8A
64
00
80
8A
64
00
80
8A
64
00
80
8A
64
00
80
8A
64
00
80
8A
64
00
80
8A
64
00
80
8A
64
00
80
8A
64
00
80
8A
64
00
80
8A
64
00
80
8A
64
00
80
8A
64
00
80
8A
64
00
80
8C
64
00
80
8C
64
00
80
8A
64
00
80
8B
64
00
80
8A
64
00
80
8A
64
00
80
88
64
00
80
88
64
00
80
88
64
00
80
88
64
00
80
88
64
00
80
88
64
00
80
88
64
00
80
88
64
00
80
8A
64
00
80
8A
64
00
80
8A
64
00
80
8A
64
00
80
8A
64
00
80
8B
64
00
80
8A
64
00
80
8A
64
00
80
8A
64
00
80
8C
64
00
80
8C
64
00
80
8C
64
00
80
8C
64
00
82
8D
64
00
82
8D
64
00
82
8C
64
00
82
8C
64
00
86
8E
64
00
86
8E
64
00
86
8E
64
00
86
8E
64
00
86
8E
64
00
86
90
64
00
88
91
64
00
88
92
64
00
88
92
64
00
88
91
64
00
88
91
64
00
88
92
64
00
88
92
64
00
88
92
64
00