UART SPEED: 114680

00
00
00
00
00
00
00
EC
CF
6A
03
00
03
00
4C
00
04
00
98
00
04
00
D8
00
04
00
00
00
03
00
30
00
04
00
7C
00
04
00
BE
00
04
00
00
00
03
00
16
00
03
00
60
00
04
00
AC
00
04
00
EC
00
05
00
00
00
03
00
44
00
04
00
90
00
04
00
D2
00
04
00
00
00
03
00
28
00
04
00
74
00
04
00
B6
00
04
00
00
00
03
00
0E
00
03
00
58
00
04
00
A4
00
04
00
E4
00
04
00
00
00
03
00
3C
00
04
00
88
00
04
00
C8
00
04
00
00
00
03
00
20
00
03
00
6C
00
04
00
AC
00
04
00
00
00
05
00
06
00
03
00
4E
00
04
00
9A
00
04
00
DA
00
04
00
00
00
03
00
32
00
04
00
80
00
04
00
C0
00
04
00
00
00
03
00
18
00
03
00
62
00
04
00
AC
00
04
00
00
00
05
00
00
00
03
00
48
00
04
00
92
00
04
00
D4
00
04
00
00
00
03
00
2C
00
04
00
76
00
04
00
B8
00
04
00
00
00
03
00
12
00
03
00
5B
00
04
00
A6
00
04
00
E6
00
04
00
00
00
03
00
3E
00
04
00
8C
00
04
00
CC
00
04
00
00
00
03
00
24
00
04
00
70
00
04
00
B0
00
04
00
00
00
05
00
08
00
03
00
52
00
04
00
A0
00
04
00
DE
00
04
00
00
00
03
00
36
00
04
00
80
00
04
00
C4
00
04
00
00
00
03
00
1A
00
03
00
64
00
04
00
AC
00
04
00
00
00
05
00
02
00
03
00
4A
00
04
00
96
00
04
00
D4
00
04
00
00
00
03
00
2E
00
04
00
7A
00
04
00
BA
00
04
00
00
00
03
00
14
00
03
00
5E
00
04
00
A8
00
04
00
EA
00
04
00
00
00
03
00
40
00
04
00
8E
00
04
00
CE
00
04
00
00
00
03
00
26
00
04
00
72
00
04
00
B4
00
04
00
00
00
03
00
0A
00
03
00
54
00
04
00
A0
00
04
00
E0
00
04
00
00
00
03
00
3A
00
04
00
84
00
04
00
C8
00
04
00
00
00
03
00
1E
00
03
00
6A
00
04
00
AC
00
04
00
00
00
05
00
03
00
03
00
4C
00
04
00
98
00
04
00
DA
00
04
00
00
00
03
00
32
00
04
00
7E
00
04
00
BE
00
04
00
00
00
03
00
16
00
03
00
60
00
04
00
AC
00
04
00
EC
00
05
00
00
00
03
00
46
00
04
00
90
00
04
00
D2
00
04
00
00
00
03
00
2A
00
04
00
74
00
04
00
B6
00
04
00
00
00
03
00
0E
00
03
00
5A
00
04
00
A4
00
04
00
E4
00
04
00
00
00
03
00
3C
00
04
00
8A
00
04
00
C8
00
04
00
00
00
03
00
20
00
03
00
6C
00
04
00
AC
00
04
00
00
00
05
00
04
00
03
00
50
00
04
00
9A
00
04
00
DA
00
04
00
00
00
03
00
32
00
04
00
80
00
04
00
C0
00
04
00
00
00
03
00
18
00
03
00
60
00
04
00
AC
00
04
00
EC
00
05
00
00
00
03
00
46
00
04
00
90
00
04
00
D4
00
04
00
00
00
03
00
2C
00
04
00
76
00
04
00
B8
00
04
00
00
00
03
00
0E
00
03
00
5A
00
04
00
A6
00
04
00
E6
00
04
00
00
00
03
00
3E
00
04
00
8C
00
04
00
CA
00
04
00
00
00
03
00
24
00
04
00
6E
00
04
00
AE
00
04
00
00
00
05
00
08
00
03
00
52
00
04
00
9E
00
04
00
DE
00
04
00
00
00
03
00
36
00
04
00
82
00
04
00
C4
00
04
00
00
00
03
00
1A
00
03
00
64
00
04
00
AC
00
04
00
00
00
05
00
02
00
03
00
4A
00
04
00
96
00
04
00
D6
00
04
00
00
00
03
00
30
00
04
00
7A
00
04
00
BC
00
04
00
00
00
03
00
14
00
03
00
5E
00
04
00
A8
00
04
00
EA
00
04
00
00
00
03
00
42
00
04
00
8C
00
04
00
CE
00
04
00
00
00
03
00
26
00
04
00
72
00
04
00
B2
00
04
00
00
00
03
00
0A
00
03
00
54
00
04
00
A0
00
04
00
E0
00
04
00
00
00
03
00
38
00
04
00
82
00
04
00
C4
00
04
00
00
00
03
00
1E
00
03
00
66
00
04
00
AC
00
04
00
00
00
05
00
03
00
03
00
4C
00
04
00
98
00
04
00
D6
00
04
00
00
00
03
00
30
00
04
00
7A
00
04
00
BE
00
04
00
00
00
03
00
14
00
03
00
5E
00
04
00
AA
00
04
00
EA
00
05
00
00
00
03
00
42
00
04
00
8E
00
04
00
CE
00
04
00
00
00
03
00
26
00
04
00
72
00
04
00
B4
00
04
00
00
00
03
00
0A
00
03
00
54
00
04
00
A2
00
04
00
E2
00
04
00
00
00
03
00
3A
00
04
00
84
00
04
00
C6
00
04
00
00
00
03
00
1E
00
03
00
66
00
04
00
AC
00
04
00
00
00
05
00
03
00
03
00
4C
00
04
00
96
00
04
00
D6
00
04
00
00
00
03
00
30
00
04
00
7C
00
04
00
BE
00
04
00
00
00
03
00
14
00
03
00
60
00
04
00
AA
00
04
00
EA
00
05
00
00
00
03
00
44
00
04
00
8E
00
04
00
D0
00
04
00
00
00
03
00
2A
00
04
00
74
00
04
00
B4
00
04
00
00
00
03
00
0C
00
03
00
56
00
04
00
A4
00
04
00
E4
00
04
00
00
00
03
00
3C
00
04
00
86
00
04
00
C8
00
04
00
00
00
03
00
1E
00
03
00
6A
00
04
00
AC
00
04
00
00
00
05
00
04
00
03
00
4E
00
04
00
98
00
04
00
DA
00
04
00
00
00
03
00
32
00
04
00
7E
00
04
00
BE
00
04
00
00
00
03
00
16
00
03
00
60
00
04
00
AA
00
04
00
EC
00
05
00
00
00
03
00
46
00
04
00
90
00
04
00
D0
00
04
00
00
00
03
00
2A
00
04
00
74
00
04
00
B6
00
04
00
00
00
03
00
0E
00
03
00
58
00
04
00
A4
00
04
00
E4
00
04
00
00
00
03
00
3C
00
04
00
8A
00
04
00
C8
00
04
00
00
00
03
00
20
00
03
00
6C
00
04
00
AC
00
04
00
00
00
05
00
06
00
03
00
50
00
04
00
9A
00
04
00
DC
00
04
00
00
00
03
00
34
00
04
00
80
00
04
00
C2
00
04
00
00
00
03
00
18
00
03
00
62
00
04
00
AC
00
04
00
EC
00
05
00
00
00
03
00
46
00
04
00
90
00
04
00
D2
00
04
00
00
00
03
00
2C
00
04
00
76
00
04
00
B6
00
04
00
00
00
03
00
0E
00
03
00
5A
00
04
00
A4
00
04
00
E4
00
04
00
00
00
03
00
3C
00
04
00
8A
00
04
00
C8
00
04
00
00
00
03
00
22
00
04
00
6C
00
04
00
AE
00
04
00
00
00
05
00
08
00
03
00
50
00
04
00
9C
00
04
00
DE
00
04
00
00
00
03
00
34
00
04
00
80
00
04
00
C4
00
04
00
00
00
03
00
18
00
03
00
64
00
04
00
AC
00
04
00
00
00
05
00
02
00
03
00
4A
00
04
00
96
00
04
00
D4
00
04
00
00
00
03
00
30
00
04
00
78
00
04
00
BA
00
04
00
00
00
03
00
14
00
03
00
5C
00
04
00
A8
00
04
00
EA
00
04
00
00
00
03
00
42
00
04
00
8C
00
04
00
CE
00
04
00
00
00
03
00
26
00
04
00
72
00
04
00
B2
00
04
00
00
00
03
00
0A
00
03
00
54
00
04
00
A0
00
04
00
E0
00
04
00
00
00
03
00
38
00
04
00
84
00
04
00
C6
00
04
00
00
00
03
00
1E
00
03
00
6A
00
04
00
AC
00
04
00
00
00
05
00
03
00
03
00
4C
00
04
00
98
00
04
00
D8
00
04
00
00
00
03
00
30
00
04
00
7C
00
04
00
BE
00
04
00
00
00
03
00
14
00
03
00
60
00
04
00
AA
00
04
00
EC
00
05
00
00
00
03
00
44
00
04
00
90
00
04
00
D0
00
04
00
00
00
03
00
2A
00
04
00
74
00
04
00
B4
00
04
00
00
00
03
00
0C
00
03
00
56
00
04
00
A4
00
04
00
E4
00
04
00
00
00
03
00
3C
00
04
00
88
00
04
00
C8
00
04
00
00
00
03
00
20
00
03
00
6C
00
04
00
AC
00
04
00
00
00
05
00
06
00
03
00
50
00
04
00
9A
00
04
00
DC
00
04
00
00
00
03
00
32
00
04
00
7E
00
04
00
C0
00
04
00
00
00
03
00
18
00
03
00
60
00
04
00
AC
00
04
00
EC
00
05
00
00
00
03
00
46
00
04
00
90
00
04
00
D2
00
04
00
00
00
03
00
2A
00
04
00
76
00
04
00
B6
00
04
00
00
00
03
00
0E
00
03
00
5A
00
04
00
A4
00
04
00
E4
00
04
00
00
00
03
00
3C
00
04
00
8A
00
04
00
C8
00
04
00
00
00
03
00
20
00
03
00
6C
00
04
00
AC
00
04
00
00
00
05
00
06
00
03
00
4E
00
04
00
9A
00
04
00
DC
00
04
00
00
00
03
00
34
00
04
00
80
00
04
00
C2
00
04
00
00
00
03
00
18
00
03
00
60
00
04
00
AC
00
04
00
EC
00
05
00
00
00
03
00
46
00
04
00
90
00
04
00
D2
00
04
00
00
00
03
00
2C
00
04
00
76
00
04
00
B8
00
04
00
00
00
03
00
10
00
03
00
5B
00
04
00
A4
00
04
00
E6
00
04
00
00
00
03
00
3E
00
04
00
8A
00
04
00
CA
00
04
00
00
00
03
00
22
00
04
00
6E
00
04
00
AE
00
04
00
00
00
05
00
08
00
03
00
52
00
04
00
A0
00
04
00
DE
00
04
00
00
00
03
00
36
00
04
00
80
00
04
00
C4
00
04
00
00
00
03
00
1A
00
03
00
64
00
04
00
AC
00
04
00
00
00
05
00
02
00
03
00
4A
00
04
00
96
00
04
00
D6
00
04
00
00
00
03
00
30
00
04
00
7A
00
04
00
BC
00
04
00
00
00
03
00
14
00
03
00
5C
00
04
00
A8
00
04
00
EA
00
04
00
00
00
03
00
42
00
04
00
8C
00
04
00
CE
00
04
00
00
00
03
00
26
00
04
00
72
00
04
00
B3
00
04
00
00
00
03
00
0A
00
03
00
56
00
04
00
A2
00
04
00
E0
00
04
00
00
00
03
00
3A
00
04
00
82
00
04
00
C6
00
04
00
00
00
03
00
1E
00
03
00
66
00
04
00
AC
00
04
00
00
00
05
00
03
00
03
00
4C
00
04
00
98
00
04
00
D8
00
04
00
00
00
03
00
30
00
04
00
7C
00
04
00
BE
00
04
00
00
00
03
00
16
00
03
00
60
00
04
00
AC
00
04
00
EC
00
05
00
00
00
03
00
46
00
04
00
90
00
04
00
D2
00
04
00
00
00
03
00
2A
00
04
00
76
00
04
00
B6
00
04
00
00
00
03
00
0E
00
03
00
5A
00
04
00
A4
00
04
00
E6
00
04
00
00
00
03
00
3C
00
04
00
8A
00
04
00
C8
00
04
00
00
00
03
00
22
00
03
00
6C
00
04
00
AE
00
04
00
00
00
05
00
08
00
03
00
50
00
04
00
9E
00
04
00
DC
00
04
00
00
00
03
00
34
00
04
00
80
00
04
00
C4
00
04
00
00
00
03
00
18
00
03
00
62
00
04
00
AC
00
04
00
00
00
05
00
00
00
03
00
48
00
04
00
92
00
04
00
D4
00
04
00
00
00
03
00
2C
00
04
00
78
00
04
00
BA
00
04
00
00
00
03
00
10
00
03
00
5C
00
04
00
A6
00
04
00
E8
00
04
00
00
00
03
00
40
00
04
00
8C
00
04
00
CA
00
04
00
00
00
03
00
24
00
04
00
6E
00
04
00
AE
00
04
00
00
00
05
00
08
00
03
00
52
00
04
00
9E
00
04
00
DE
00
04
00
00
00
03
00
36
00
04
00
82
00
04
00
C4
00
04
00
00
00
03
00
1A
00
03
00
64
00
04
00
AC
00
04
00
00
00
05
00
02
00
03
00
4A
00
04
00
92
00
04
00
D4
00
04
00
00
00
03
00
2E
00
04
00
78
00
04
00
BA
00
04
00
00
00
03
00
12
00
03
00
5C
00
04
00
A8
00
04
00
E8
00
04
00
00
00
03
00
40
00
04
00
8C
00
04
00
CC
00
04
00
00
00
03
00
26
00
04
00
70
00
04
00
B2
00
04
00
00
00
03
00
0A
00
03
00
54
00
04
00
A0
00
04
00
E0
00
04
00
00
00
03
00
38
00
04
00
84
00
04
00
C6
00
04
00
00
00
03
00
1E
00
03
00
6A
00
04
00
AC
00
04
00
00
00
05
00
03
00
03
00
4E
00
04
00
98
00
04
00
D8
00
04
00
00
00
03
00
32
00
04
00
7E
00
04
00
BE
00
04
00
00
00
03
00
14
00
03
00
60
00
04
00
AC
00
04
00
EC
00
05
00
00
00
03
00
44
00
04
00
90
00
04
00
D2
00
04
00
00
00
03
00
2A
00
04
00
74
00
04
00
B4
00
04
00
00
00
03
00
0C
00
03
00
58
00
04
00
A4
00
04
00
E4
00
04
00
00
00
03
00
3C
00
04
00
88
00
04
00
C8
00
04
00
00
00
03
00
20
00
03
00
6C
00
04
00
AC
00
04
00
00
00
05
00
06
00
03
00
4E
00
04
00
9A
00
04
00
DA
00
04
00
00
00
03
00
32
00
04
00
7E
00
04
00
C0
00
04
00
00
00
03
00
18
00
03
00
60
00
04
00
AC
00
04
00
EC
00
05
00
00
00
03
00
44
00
04
00
90
00
04
00
D2
00
04
00
00
00
03
00
2C
00
04
00
74
00
04
00
B6
00
04
00
00
00
03
00
0E
00
03
00
5A
00
04
00
A4
00
04
00
E4
00
04
00
00
00
03
00
3C
00
04
00
88
00
04
00
C8
00
04
00
00
00
03
00
22
00
03
00
6C
00
04
00
AC
00
04
00
00
00
05
00
06
00
03
00
50
00
04
00
9E
00
04
00
DC
00
04
00
00
00
03
00
34
00
04
00
80
00
04
00
C2
00
04
00
00
00
03
00
18
00
03
00
62
00
04
00
AC
00
04
00
00
00
05
00
00
00
03
00
48
00
04
00
92
00
04
00
D4
00
04
00
00
00
03
00
2E
00
04
00
78
00
04
00
B8
00
04
00
00
00
03
00
12
00
03
00
5C
00
04
00
A6
00
04
00
E8
00
04
00
00
00
03
00
3E
00
04
00
8C
00
04
00
CA
00
04
00
00
00
03
00
24
00
04
00
6E
00
04
00
B0
00
04
00
00
00
01
00
08
00
03
00
54
00
04
00
A0
00
04
00
DE
00
04
00
00
00
03
00
36
00
04
00
82
00
04
00
C4
00
04
00
00
00
03
00
1A
00
03
00
64
00
04
00
AC
00
04
00
00
00
05
00
02
00
03
00
4A
00
04
00
92
00
04
00
D4
00
04
00
00
00
03
00
2E
00
04
00
78
00
04
00
BC
00
04
00
00
00
03
00
12
00
03
00
5C
00
04
00
A8
00
04
00
EA
00
04
00
00
00
03
00
40
00
04
00
8C
00
04
00
CC
00
04
00
00
00
03
00
26
00
04
00
72
00
04
00
B2
00
04
00
00
00
03
00
0A
00
03
00
54
00
04
00
A0
00
04
00
E0
00
04
00
00
00
03
00
3A
00
04
00
84
00
04
00
C8
00
04
00
00
00
03
00
1E
00
03
00
6A
00
04
00
AC
00
04
00
00
00
05
00
04
00
03
00
4C
00
04
00
98
00
04
00
D6
00
04
00
00
00
03
00
32
00
04
00
7E
00
04
00
BE
00
04
00
00
00
03
00
16
00
03
00
60
00
04
00
AC
00
04
00
EC
00
05
00
00
00
03
00
44
00
04
00
90
00
04
00
D2
00
04
00
00
00
03
00
2A
00
04
00
74
00
04
00
B4
00
04
00
00
00
03
00
0E
00
03
00
58
00
04
00
A4
00
04
00
E4
00
04
00
00
00
03
00
3C
00
04
00
8A
00
04
00
C8
00
04
00
00
00
03
00
22
00
04
00
6C
00
04
00
AE
00
04
00
00
00
05
00
06
00
03
00
50
00
04
00
9E
00
04
00
DE
00
04
00
00
00
03
00
34
00
04
00
80
00
04
00
C4
00
04
00
00
00
03
00
1A
00
03
00
64
00
04
00
AC
00
04
00
00
00
05
00
00
00
03
00
48
00
04
00
92
00
04
00
D4
00
04
00
00
00
03
00
2E
00
04
00
78
00
04
00
BA
00
04
00
00
00
03
00
12
00
03
00
5C
00
04
00
A8
00
04
00
EA
00
04
00
00
00
03
00
40
00
04
00
8C
00
04
00
CE
00
04
00
00
00
03
00
24
00
04
00
70
00
04
00
B2
00
04
00
00
00
03
00
0A
00
03
00
54
00
04
00
A0
00
04
00
E0
00
04
00
00
00
03
00
38
00
04
00
82
00
04
00
C4
00
04
00
00
00
03
00
1C
00
03
00
66
00
04
00
AC
00
04
00
00
00
05
00
03
00
03
00
4A
00
04
00
96
00
04
00
D6
00
04
00
00
00
03
00
30
00
04
00
7C
00
04
00
BE
00
04
00
00
00
03
00
14
00
03
00
60
00
04
00
AA
00
04
00
EA
00
05
00
00
00
03
00
42
00
04
00
8C
00
04
00
CE
00
04
00
00
00
03
00
26
00
04
00
72
00
04
00
B2
00
04
00
00
00
03
00
0A
00
03
00
54
00
04
00
A2
00
04
00
E2
00
04
00
00
00
03
00
38
00
04
00
84
00
04
00
C6
00
04
00
00
00
03
00
1E
00
03
00
66
00
04
00
AC
00
04
00
00
00
05
00
03
00
03
00
4C
00
04
00
98
00
04
00
D6
00
04
00
00
00
03
00
30
00
04
00
7C
00
04
00
BE
00
04
00
00
00
03
00
14
00
03
00
60
00
04
00
AA
00
04
00
EC
00
05
00
00
00
03
00
44
00
04
00
90
00
04
00
D0
00
04
00
00
00
03
00
28
00
04
00
74
00
04
00
B4
00
04
00
00
00
03
00
0C
00
03
00
56
00
04
00
A2
00
04
00
E2
00
04
00
00
00
03
00
3C
00
04
00
86
00
04
00
C8
00
04
00
00
00
03
00
20
00
03
00
6C
00
04
00
AC
00
04
00
00
00
05
00
04
00
03
00
4E
00
04
00
9A
00
04
00
DA
00
04
00
00
00
03
00
34
00
04
00
7E
00
04
00
C0
00
04
00
00
00
03
00
18
00
03
00
60
00
04
00
AC
00
04
00
00
00
05
00
00
00
03
00
46
00
04
00
90
00
04
00
D4
00
04
00
00
00
03
00
2C
00
04
00
76
00
04
00










