UART SPEED: 114680

00
00
00
00
00
00
00
BA
C2
83
DE
AC
06
00
CE
A2
06
00
BC
90
06
00
AC
80
06
00
A6
6E
06
00
92
5C
06
00
82
4C
06
00
00
DC
06
00
00
C9
05
00
00
B8
07
00
E0
AC
06
00
CE
A2
06
00
C0
90
06
00
AC
80
06
00
A4
70
06
00
92
5E
06
00
82
4C
06
00
00
DA
06
00
00
C9
05
00
00
BA
07
00
E0
AC
06
00
D0
A2
06
00
C0
90
06
00
AC
80
06
00
A6
70
06
00
92
5E
06
00
84
4C
06
00
00
DC
06
00
00
CA
05
00
00
BA
07
00
DE
AC
06
00
CE
A2
06
00
BE
90
06
00
AC
80
06
00
A4
70
06
00
92
5E
06
00
82
4C
06
00
00
DC
06
00
00
CA
05
00
00
BA
07
00
E0
AC
06
00
CE
A2
06
00
BE
90
06
00
AC
81
06
00
A4
70
06
00
92
5E
06
00
84
4E
06
00
00
DC
06
00
00
C9
05
00
00
BA
07
00
E0
AC
06
00
CE
A3
06
00
BE
90
06
00
AC
80
06
00
A6
70
06
00
92
5E
06
00
82
4E
06
00
72
3C
05
00
00
CA
05
00
00
BA
07
00
E0
AC
06
00
CE
A2
06
00
BE
90
06
00
AC
80
06
00
A6
70
06
00
92
5E
06
00
82
4E
06
00
00
DC
06
00
00
CA
05
00
00
BA
07
00
E2
AC
06
00
D0
A4
06
00
C0
90
06
00
AC
81
06
00
A6
72
06
00
96
60
06
00
84
50
06
00
74
3E
05
00
00
CA
05
00
00
BA
07
00
E2
AC
06
00
D0
A4
06
00
C0
91
06
00
AE
82
06
00
A7
70
06
00
96
60
06
00
86
50
06
00
72
3E
05
00
00
CC
05
00
00
BC
07
00
E2
AC
06
00
D2
A4
06
00
C0
92
06
00
AE
82
06
00
A8
72
06
00
96
60
06
00
86
4E
06
00
74
3E
05
00
00
CC
05
00
00
BC
07
00
E2
AC
06
00
D0
A4
06
00
C0
91
06
00
AE
82
06
00
A6
71
06
00
96
60
06
00
84
4E
06
00
74
3E
05
00
00
CA
05
00
00
BA
07
00
E2
AC
06
00
D0
A4
06
00
C0
92
06
00
AE
82
06
00
A8
72
06
00
96
60
06
00
84
4E
06
00
72
3C
05
00
00
CA
05
00
00
BA
07
00
E2
AC
06
00
CE
A2
06
00
BE
90
06
00
AE
80
06
00
A6
70
06
00
96
60
06
00
82
4C
06
00
72
3C
05
00
00
CA
05
00
00
BA
07
00
E2
AC
06
00
D0
A3
06
00
BE
90
06
00
AC
80
06
00
A6
70
06
00
96
60
06
00
84
4E
06
00
72
3E
05
00
00
CA
05
00
00
BC
07
00
E2
AC
06
00
D0
A4
06
00
C0
92
06
00
AE
82
06
00
A8
72
06
00
96
60
06
00
86
4E
06
00
74
3E
05
00
00
CC
05
00
00
BC
07
00
E2
AC
06
00
D2
A4
06
00
C0
92
06
00
AE
82
06
00
A8
72
06
00
96
60
06
00
86
4E
06
00
74
3E
05
00
00
CE
05
00
00
BE
07
00
E2
AC
06
00
D2
A4
06
00
C0
92
06
00
AE
82
06
00
A8
72
06
00
96
60
06
00
84
4E
06
00
74
3E
05
00
00
CC
05
00
00
BC
07
00
E2
AC
06
00
D2
A4
06
00
C0
92
06
00
AE
82
06
00
A8
72
06
00
96
60
06
00
84
4E
06
00
74
3C
05
00
00
CC
05
00
00
BA
07
00
E2
AC
06
00
D0
A4
06
00
C0
91
06
00
AC
80
06
00
A6
70
06
00
92
60
06
00
84
4E
06
00
72
3C
05
00
00
CA
05
00
00
BA
07
00
E2
AC
06
00
D0
A4
06
00
C0
90
06
00
AE
80
06
00
A6
70
06
00
92
5E
06
00
82
4C
06
00
72
3C
05
00
00
CA
05
00
00
BA
07
00
E0
AC
06
00
D0
A3
06
00
BE
90
06
00
AE
80
06
00
A6
70
06
00
92
5E
06
00
84
4D
06
00
72
3E
05
00
00
CA
05
00
00
BA
07
00
E0
AC
06
00
D0
A4
06
00
C0
90
06
00
AE
82
06
00
A6
71
06
00
96
60
06
00
82
4E
06
00
72
3C
05
00
00
CA
05
00
00
BA
07
00
E0
AC
06
00
D0
A3
06
00
C0
91
06
00
AC
80
06
00
A6
70
06
00
96
60
06
00
84
4E
06
00
72
3E
05
00
00
CA
05
00
00
BA
07
00
E0
AC
06
00
CE
A2
06
00
C0
90
06
00
AC
82
06
00
A6
70
06
00
92
60
06
00
82
4C
06
00
00
DC
06
00
00
C9
05
00
00
BA
07
00
E0
AC
06
00
D0
A4
06
00
BE
90
06
00
AC
82
06
00
A6
70
06
00
92
60
06
00
82
4E
06
00
70
3C
05
00
00
CA
05
00
00
BA
07
00
E0
AC
06
00
CE
A2
06
00
BE
90
06
00
AC
80
06
00
A4
70
06
00
92
5E
06
00
82
4D
06
00
00
DA
06
00
00
CA
05
00
00
BA
07
00
E2
AC
06
00
D0
A4
06
00
C0
90
06
00
AE
82
06
00
A6
72
06
00
96
60
06
00
84
4E
06
00
74
3E
05
00
00
CC
05
00
00
BC
07
00
E2
AC
06
00
D2
A4
06
00
C2
92
06
00
AE
82
06
00
A8
72
06
00
98
60
06
00
86
50
06
00
74
40
05
00
00
CE
05
00
00
BE
07
00
E4
AC
06
00
D2
A6
06
00
C2
96
06
00
B0
84
06
00
A8
72
06
00
98
60
06
00
86
50
06
00
74
3E
05
00
00
CE
05
00
00
BC
07
00
E2
AC
06
00
D2
A4
06
00
C2
92
06
00
B2
84
06
00
A8
74
06
00
98
60
06
00
86
50
06
00
74
3E
05
00
00
CE
05
00
00
BC
07
00
E2
AC
06
00
D2
A6
06
00
C2
96
06
00
B2
84
06
00
AA
72
06
00
98
60
06
00
86
52
06
00
76
40
05
00
00
CE
05
00
00
C0
07
00
E4
AC
06
00
D4
A6
06
00
C4
96
06
00
B2
86
06
00
A8
74
06
00
98
60
06
00
86
50
06
00
76
40
05
00
00
CE
05
00
00
BE
07
00
E4
AC
06
00
D4
A6
06
00
C4
92
06
00
B0
84
06
00
A8
74
06
00
98
61
06
00
86
52
06
00
74
40
05
00
00
CE
05
00
00
BE
07
00
E4
AE
06
00
D4
A6
06
00
C4
96
06
00
B0
84
06
00
AA
74
06
00
98
62
06
00
8A
54
06
00
76
42
05
00
00
D0
05
00
00
BE
07
00
E4
AE
06
00
D4
A8
06
00
C4
96
06
00
B4
89
06
00
AA
74
06
00
9A
64
06
00
8A
54
06
00
78
42
05
00
00
D0
05
00
00
C1
07
00
E6
AE
06
00
D4
A8
06
00
C6
98
06
00
B4
86
06
00
AC
76
06
00
9A
64
06
00
8A
54
06
00
78
42
05
00
00
D0
05
00
00
C0
07
00
E6
AE
06
00
D4
A8
06
00
C4
98
06
00
B3
86
06
00
AA
75
06
00
98
64
06
00
8A
54
06
00
76
42
05
00
00
D0
05
00
00
C0
07
00
E4
AD
06
00
D4
A8
06
00
C4
96
06
00
B2
86
06
00
AA
74
06
00
98
62
06
00
8A
54
06
00
76
42
05
00
00
D0
05
00
00
BE
07
00
E4
AE
06
00
D4
A6
06
00
C4
96
06
00
B2
86
06
00
AA
75










