A2
29
11
00
A2
29
11
00
A3
2B
11
00
A6
2F
11
00
A6
2D
11
00
A6
2B
11
00
A3
2B
11
00
A5
2C
11
00
A5
2D
11
00
A6
2F
11
00
A6
2F
11
00
A9
30
11
00
A9
2E
11
00
A6
2F
11
00
A9
2F
11
00
A9
31
11
00
A9
32
11
00
AA
33
11
00
A9
33
11
00
AA
33
11
00
AD
33
11
00
AA
35
11
00
AD
35
11
00
AD
35
11
00
AD
35
11
00
AD
35
11
00
AE
36
11
00
B1
36
11
00
B1
36
11
00
B1
37
11
00
B1
37
11
00
B1
3B
11
00
B2
3B
11
00
B2
3B
11
00
B2
3B
11
00
B2
37
11
00
B1
37
11
00
B1
3B
11
00
B2
3B
11
00
B2
3C
11
00
B5
3D
11
00
B6
3D
11
00
B6
3D
11
00
B6
3F
11
00
B7
3F
11
00
B6
3F
11
00
B9
3E
11
00
B7
3F
11
00
B6
42
11
00
BA
42
11
00
BA
43
11
00
BA
43
11
00
BA
44
11
00
BD
45
11
00
BD
44
11
00
BD
45
11
00
BE
49
11
00
C1
4A
11
00
C1
49
11
00
C1
49
11
00
C1
47
11
00
BF
47
11
00
BF
49
11
00
C1
4A
11
00
C1
4B
11
00
C3
4D
11
00
C5
4F
11
00
C6
4D
11
00
C5
4E
11
00
C6
4F
11
00
C6
51
11
00
C6
51
11
00
C9
51
11
00
C9
53
11
00
C9
51
11
00
C9
53
11
00
C9
51
11
00
C9
51
11
00
C6
53
11
00
CA
55
11
00
CA
55
11
00
CD
55
11
00
CA
55
11
00
CD
54
11
00
CA
56
11
00
CE
57
11
00
CE
57
11
00
CF
57
11
00
D1
57
11
00
CE
58
11
00
D1
58
11
00
D1
5B
11
00
D1
5D
11
00
D2
5B
11
00
D1
5B
11
00
D1
5B
11
00
D1
5A
11
00
D1
5B
11
00
D1
5B
11
00
D2
5F
11
00
D2
5F
11
00
D6
5F
11
00
D6
63
11
00
D9
63
11
00
D9
61
11
00
D9
61
11
00
D6
63
11
00
DA
65
11
00
DD
65
11
00
DD
65
11
00
DD
65
11
00
DD
65
11
00
DE
65
11
00
05
65
12
00
05
67
12
00
05
65
12
00
05
6B
12
00
05
69
12
00
05
68
12
00
05
6B
12
00
05
6B
12
00
05
6B
12
00
05
6D
12
00
05
6F
12
00
05
6F
12
00
05
6F
12
00
05
71
12
00
05
6F
12
00
05
71
12
00
05
6F
12
00
05
6F
12
00
05
73
12
00
05
73
12
00
05
73
12
00
05
73
12
00
05
73
12
00
05
71
12
00
05
73
12
00
05
71
12
00
05
73
12
00
05
75
12
00
05
76
12
00
05
76
12
00
05
76
12
00
05
75
12
00
05
77
12
00
05
77
12
00
05
77
12
00
05
78
12
00
05
7A
12
00
05
7B
12
00
05
7B
12
00
05
7D
12
00
05
7D
12
00
05
7D
12
00
05
7D
12
00
05
7D
12
00
05
7D
12
00
05
7E
12
00
05
7F
12
00
05
7F
12
00
05
7F
12
00
05
7F
12
00
05
81
12
00
05
80
12
00
05
81
12
00
05
82
12
00
05
83
12
00
05
87
12
00
05
87
12
00
05
87
12
00
05
87
12
00
05
88
12
00
05
89
12
00
05
8A
12
00
05
8A
12
00
05
8B
12
00
05
8A
12
00
05
89
12
00
05
88
12
00
05
8B
12
00
05
8C
12
00
05
8B
12
00
05
8C
12
00
05
8C
12
00
05
8D
12
00
05
8D
12
00
05
8B
12
00
05
8B
12
00
05
8F
12
00
05
8D
12
00
05
8F
12
00
05
91
12
00
05
91
12
00
05
91
12
00
05
93
12
00
05
93
12
00
05
96
12
00
05
93
12
00
05
93
12
00
05
94
12
00
05
97
12
00
05
97
12
00
05
99
12
00
05
99
12
00
05
99
12
00
05
99
12
00
05
99
11
00
05
99
12
00
05
99
12
00
05
99
11
00
05
99
12
00
05
99
12
00
05
99
10
00
05
99
10
00
05
99
10
00
05
99
10
00
05
99
10
00
05
99
10
00
05
99
10
00
05
99
10
00
05
9A
10
00
05
9B
10
00
05
9A
10
00
05
9B
10
00
05
9B
10
00
05
99
10
00
05
9B
10
00
05
9B
10
00
05
9D
10
00
05
9F
10
00
05
9F
10
00
05
9F
10
00
05
A1
10
00
05
A3
10
00
05
A3
10
00
05
A3
10
00
05
A3
10
00
05
A3
10
00
05
A5
10
00
05
A4
10
00
05
A5
10
00
05
A5
10
00
05
A5
10
00
05
A5
10
00
05
A3
10
00
05
A4
10
00
05
A5
10
00
05
A5
10
00
05
A7
10
00
05
A7
10
00
05
A7
10
00
05
A9
10
00
05
A9
10
00
05
A9
10
00
05
A9
10
00
05
A9
10
00
05
A9
10
00
05
AC
10
00
05
AD
10
00
05
AF
10
00
05
AF
10
00
05
AF
10
00
05
B0
10
00
05
AF
10
00
05
AF
10
00
05
B0
10
00
05
AF
10
00
05
AF
10
00
05
AD
10
00
05
AF
10
00
05
B1
10
00
05
B3
10
00
05
B5
10
00
05
B5
10
00
05
B5
10
00
05
B5
10
00
05
B7
10
00
05
B7
10
00
05
B7
10
00
05
B7
10
00
05
B9
10
00
05
B9
10
00
05
B7
10
00
05
B7
10
00
05
B9
10
00
05
BB
10
00
07
BB
10
00
05
BB
10
00
05
BC
10
00
07
BB
10
00
06
BD
10
00
07
BB
10
00
07
BC
10
00
07
BD
10
00
08
BF
10
00
08
C0
10
00
09
C0
10
00
09
BF
10
00
08
C1
10
00
09
C1
10
00
09
C3
10
00
09
C3
10
00
0A
C3
10
00
09
C3
10
00
09
C5
10
00
0D
C5
10
00
0D
C7
10
00
0D
C7
10
00
0E
C9
10
00
0E
C9
10
00
0E
CB
10
00
0F
C9
10
00
11
CB
10
00
12
CB
10
00
12
CB
10
00
11
CB
10
00
11
CB
10
00
12
CB
10
00
12
CC
10
00
12
CB
10
00
12
CD
10
00
12
CD
10
00
13
CD
10
00
15
CF
10
00
15
D0
10
00
16
D1
10
00
17
CF
10
00
16
D1
10
00
16
D1
10
00
16
CF
10
00
16
D1
10
00
16
D1
10
00
16
D1
10
00
17
D1
10
00
1A
D3
10
00
1A
D7
10
00
1D
D3
10
00
1D
D3
10
00
1E
D7
10
00
1E
D7
10
00
1E
D3
10
00
1D
D3
10
00
1D
D5
10
00
1D
D7
10
00
1E
D7
10
00
1F
D9
10
00
1F
D9
10
00
1E
D7
10
00
1E
D9
10
00
21
DD
10
00
25
DD
10
00
25
DF
10
00
25
DF
10
00
26
DD
10
00
25
DF
10
00
26
DF
10
00
26
E1
10
00
29
E1
10
00
29
E1
10
00
2A
E3
10
00
2A
E3
10
00
2A
E1
10
00
2A
E1
10
00
2A
E1
10
00
29
E1
10
00
2A
E3
10
00
2A
E3
10
00
2D
E3
10
00
2D
E3
10
00
2B
E3
10
00
2D
E3
10
00
2D
E5
10
00
2D
E5
10
00
2D
E7
10
00
2E
27
10
00
2F
27
10
00
32
27
10
00
32
27
10
00
32
27
10
00
32
27
10
00
35
27
10
00
35
27
10
00
35
27
10
00
35
27
10
00
35
27
10
00
35
27
10
00
35
27
10
00
35
27
10
00
35
27
10
00
35
27
10
00
35
27
10
00
35
27
10
00
36
27
10
00
36
27
10
00
37
27
10
00
3A
27
10
00
3A
27
10
00
3B
27
10
00
3D
27
10
00
3E
27
10
00
3E
27
10
00
3E
27
10
00
42
27
10
00
42
27
10
00
41
27
10
00
42
27
10
00
41
27
10
00
3F
27
10
00
3E
27
10
00
41
27
10
00
41
27
10
00
42
27
10
00
42
27
10
00
46
27
10
00
45
27
10
00
46
27
10
00
46
27
10
00
47
27
10
00
49
27
10
00
49
27
10
00
4A
27
10
00
49
27
10
00
47
27
10
00
49
27
10
00
49
27
10
00
4D
27
10
00
4A
27
10
00
4D
27
10
00
4D
27
10
00
51
27
10
00
51
27
10
00
51
27
10
00
52
27
10
00
52
27
10
00
52
27
10
00
52
27
10
00
52
27
10
00
52
27
10
00
52
27
10
00
51
27
10
00
55
27
10
00
52
27
10
00
55
27
11
00
56
27
11
00
5A
27
11
00
56
27
11
00
5A
27
11
00
5A
27
11
00
5A
27
11
00
5D
27
11
00
5E
27
11
00
5E
27
11
00
5E
27
11
00
5D
27
11
00
5A
27
11
00
5D
27
11
00
5D
27
11
00
5E
27
11
00
5E
27
11
00
5E
27
11
00
5E
27
11
00
61
27
11
00
61
27
11
00
61
27
11
00
62
27
11
00
62
27
11
00
62
27
11
00
61
27
11
00
61
27
11
00
62
27
11
00
62
27
11
00
65
27
11
00
65
27
11
00
65
27
11
00
65
27
11
00
65
27
11
00
66
27
11
00
6B
27
11
00
66
27
11
00
66
27
11
00
6A
27
11
00
6D
27
11
00
6D
27
11
00
6D
27
11
00
6E
27
11
00
6E
27
11
00
6D
27
11
00
6D
27
11
00
6D
27
11
00
6D
27
11
00
6E
27
11
00
6E
27
11
00
71
27
11
00
71
27
11
00
72
27
11
00
72
27
11
00
75
27
11
00
75
27
11
00
76
27
11
00
75
27
11
00
76
27
11
00
77
27
11
00
7A
27
11
00
7B
27
11
00
7A
27
11
00
7A
27
11
00
7A
27
11
00
7A
27
11
00
7B
27
11
00
7B
27
11
00
7D
01
11
00
7D
01
11
00
7D
01
11
00
7D
01
11
00
7E
01
11
00
7D
01
11
00
7E
01
11
00
7E
01
11
00
7E
02
11
00
81
01
11
00
7E
02
11
00
81
08
11
00
81
08
11
00
81
08
11
00
81
08
11
00
81
08
11
00
81
08
11
00
81
08
11
00
81
09
11
00
82
09
11
00
85
09
11
00
86
09
11
00
86
0A
11
00
89
09
11
00
89
0B
11
00
8A
0B
11
00
8A
0D
11
00
8D
0D
11
00
8A
0B
11
00
8A
0D
11
00
8A
0C
11
00
8A
0D
11
00
8D
0C
11
00
8A
0F
11
00
8D
0F
11
00
8E
11
11
00
8E
11
11
00
8E
13
11
00
91
11
11
00
8E
12
11
00
8E
13
11
00
91
13
11
00
92
14
11
00
92
15
11
00
93
15
11
00
95
15
11
00
92
15
11
00
95
17
11
00
96
17
11
00
96
17
11
00
99
16
11
00
96
17
11
00
97
1B
11
00
99
1B
11
00
99
1B
11
00
99
1B
11
00
99
1B
11
00
99
1D
11
00
99
1D
11
00
99
1D
11
00
99
1E
11
00
99
1D
11
00
99
20
11
00
99
1F
11
00
99
1F
11
00
99
21
11
00
99
21
11
00
99
21
11
00
99
21
11
00
9A
21
11
00
9A
23
11
00
9A
23
11
00
99
22
11
00
9A
24
11
00
9D
26
11
00
9E
27
11
00
9E
28
11
00
A1
27
11
00
9E
28
11
00
A1
29
11
00
A2
2A
11
00
A2
2B
11
00
A3
2B
11
00
A5
2B
11
00
A5
2B
11
00
A5
2B
11
00
A3
29
11
00
A2
2B
11
00
A2
29
11
00
A1
29
11
00
A2
29
11
00
A2
2B
11
00
A5
2D
11
00
A6
2D
11
00
A5
2C
11
00
A5
2D
11
00
A6
2D
11
00
A5
2D
11
00
A6
30
11
00
A9
31
11
00
AA
33
11
00
AB
35
11
00
AD
35
11
00
AD
35
11
00
AE
35
11
00
AD
35
11
00
AD
35
11
00
AE
35
11
00
AD
35
11
00
AD
35
11
00
AD
35
11
00
AE
35
11
00
AD
35
11
00
AD
35
11
00
AD
35
11
00
AE
35
11
00
AE
36
11
00
B2
3B
11
00
B2
3B
11
00
B2
3B
11
00
B5
3D
11
00
B6
3F
11
00
B7
41
11
00
BA
3F
11
00
B9
3F
11
00
B9
41
11
00
BA
42
11
00
BA
41
11
00
BA
43
11
00
BA
43
11
00
BA
42
11
00
BD
44
11
00
BD
43
11
00
BD
44
11
00
BD
43
11
00
BA
43
11
00
BD
44
11
00
BB
42
11
00
BD
42
11
00
BA
43
11
00
BD
44
11
00
BD
49
11
00
C1
4B
11
00
C1
4A
11
00
C1
49
11
00
BE
49
11
00
C1
4B
11
00
C1
4B
11
00
C2
4B
11
00
C3
4D
11
00
C2
4D
11
00
C5
4D
11
00
C3
4F
11
00
C5
4F
11
00
C6
50
11
00
C6
53
11
00
CA
52
11
00
C9
55
11
00
CA
53
11
00
CA
51
11
00
C9
53
11
00
C9
53
11
00
CA
55
11
00
CD
55
11
00
CD
55
11
00
CD
55
11
00
CA
55
11
00
CD
55
11
00
CE
55
11
00
CE
55
11
00
CE
55
11
00
CE
57
11
00
CE
57
11
00
CE
57
11
00
CE
5B
11
00
D1
5B
11
00
D1
5B
11
00
D1
5B
11
00
D1
5D
11
00
D2
5F
11
00
D6
5D
11
00
D6
5F
11
00
D6
5F
11
00
D6
5F
11
00
D6
62
11
00
D9
61
11
00
D9
63
11
00
DA
63
11
00
DA
65
11
00
DD
65
11
00
DA
65
11
00
DA
65
11
00
DA
64
11
00
DA
64
11
00
DA
65
11
00
DA
65
11
00
DD
65
11
00
05
65
12
00
DD
65
11
00
05
65
12
00
DD
67
11
00
DE
6B
11
00
05
67
12
00
05
6B
12
00
05
69
12
00
05
6B
12
00
05
6B
12
00
05
6D
12
00
05
6D
12
00
05
6F
12
00
05
6F
12
00
05
6F
12
00
05
6D
12
00
05
6D
12
00
05
6F
12
00
05
6F
12
00
05
6F
12
00
05
71
12
00
05
73
12
00
05
73
12
00
05
75
12
00
05
73
12
00
05
75
12
00
05
77
12
00
05
77
12
00
05
77
12
00
05
75
12
00
05
75
12
00
05
77
12
00
05
77
12
00
05
76
12
00
05
77
12
00
05
77
12
00
05
7A
12
00
05
7B
12
00
05
7D
12
00
05
7D
12
00
05
7D
12
00
05
7D
12
00
05
7D
12
00
05
7D
12
00
05
7F
12
00
05
7F
12
00
05
81
12
00
05
81
12
00
05
83
12
00
05
83
12
00
05
81
12
00
05
83
12
00
05
83
12
00
05
81
12
00
05
83
12
00
05
83
12
00
05
87
12
00
05
87
12
00
05
89
12
00
05
89
12
00
05
8B
12
00
05
8B
12
00
05
8A
12
00
05
8B
12
00
05
8B
12
00
05
88
12
00
05
8A
12
00
05
8B
12
00
05
8D
12
00
05
8B
12
00
05
8B
12
00
05
8C
12
00
05
8D
12
00
05
8F
12
00
05
8F
12
00
05
8F
12
00
05
8F
12
00
05
91
12
00
05
8F
12
00
05
91
12
00
05
93
12
00
05
93
12
00
05
96
12
00
05
96
12
00
05
97
12
00
05
97
12
00
05
97
12
00
05
97
12
00
05
99
12
00
05
99
12
00
05
99
12
00
05
99
12
00
05
97
12
00
05
99
12
00
05
99
12
00
05
99
10
00
05
99
10
00
05
99
10
00
05
99
10
00
05
99
10
00
05
99
10
00
05
99
10
00
05
99
10
00
05
99
10
00
05
99
10
00
05
99
10
00
05
99
10
00
05
99
10
00
05
99
10
00
05
9B
10
00
05
9B
10
00
05
9B
10
00
05
9B
10
00
05
9D
10
00
05
9D
10
00
05
9D
10
00
05
A1
10
00
05
9E
10
00
05
A0
10
00
05
9F
10
00
05
A3
10
00
05
A3
10
00
05
A4
10
00
05
A5
10
00
05
A5
10
00
05
A5
10
00
05
A7
10
00
05
A6
10
00
05
A7
10
00
05
A7
10
00
05
A7
10
00
05
A9
10
00
05
AA
10
00
05
A7
10
00
05
A8
10
00
05
A9
10
00
05
A9
10
00
05
A9
10
00
05
A9
10
00
05
AC
10
00
05
AC
10
00
05
AC
10
00
05
AB
10
00
05
A9
10
00
05
A9
10
00
05
A9
10
00
05
AB
10
00
05
AD
10
00
05
AF
10
00
05
AF
10
00
05
B0
10
00
05
B1
10
00
05
B3
10
00
05
B1
10
00
05
B1
10
00
05
B1
10
00
05
B3
10
00
05
B1
10
00
05
B3
10
00
05
B3
10
00
05
B5
10
00
05
B5
10
00
05
B7
10
00
05
B5
10
00
05
B7
10
00
05
B7
10
00
05
B9
10
00
05
B7
10
00
05
B7
10
00
05
BA
10
00
05
BA
10
00
05
BA
10
00
05
BB
10
00
05
BB
10
00
06
BB
10
00
05
BD
10
00
06
BD
10
00
07
BD
10
00
07
BC
10
00
07
BD
10
00
07
BF
10
00
08
BD
10
00
07
BF
10
00
08
C1
10
00
09
C0
10
00
09
C1
10
00
09
C1
10
00
09
C0
10
00
09
C1
10
00
09
C1
10
00
09
C3
10
00
0A
C3
10
00
09
C3
10
00
09
C3
10
00
0D
C5
10
00
0D
C7
10
00
0D
C7
10
00
0D
C8
10
00
0E
C7
10
00
0E
C7
10
00
0E
C7
10
00
0E
C9
10
00
11
CA
10
00
11
CB
10
00
11
CB
10
00
12
CD
10
00
12
CD
10
00
13
CD
10
00
12
CD
10
00
13
CD
10
00
12
CD
10
00
12
CD
10
00
12
CD
10
00
15
CD
10
00
15
CD
10
00
15
CF
10
00
15
D1
10
00
16
D1
10
00
19
D1
10
00
16
D1
10
00
16
D1
10
00
19
D1
10
00
1A
D3
10
00
1D
D3
10
00
1D
D6
10
00
1D
D3
10
00
1D
D3
10
00
1D
D5
10
00
1D
D7
10
00
1E
D7
10
00
1E
D7
10
00
1E
D8
10
00
1E
D9
10
00
1E
D9
10
00
21
DB
10
00
22
D9
10
00
21
DB
10
00
22
DB
10
00
22
DB
10
00
25
DD
10
00
25
DD
10
00
25
DD
10
00
25
DC
10
00
25
DD
10
00
25
DF
10
00
26
E1
10
00
27
E1
10
00
29
E1
10
00
2A
E3
10
00
2A
E3
10
00
2D
E7
10
00
2E
27
10
00
2F
E7
10
00
2E
E5
10
00
2D
E3
10
00
2D
E3
10
00
2B
E3
10
00
2D
E6
10
00
2E
27
10
00
2E
E7
10
00
2E
27
10
00
2F
27
10
00
32
27
10
00
32
27
10
00
31
27
10
00
32
27
10
00
32
27
10
00
32
27
10
00
32
27
10
00
32
27
10
00
32
27
10
00
35
27
10
00
35
27
10
00
35
27
10
00
35
27
10
00
35
27
10
00
35
27
10
00
35
27
10
00
35
27
10
00
35
27
10
00
35
27
10
00
36
27
10
00
36
27
10
00
3B
27
10
00
3D
27
10
00
3B
27
10
00
3A
27
10
00
3B
27
10
00
3D
27
10
00
3E
27
10
00
3E
27
10
00
41
27
10
00
41
27
10
00
3F
27
10
00
42
27
10
00
41
27
10
00
41
27
10
00
42
27
10
00
43
27
10
00
46
27
10
00
42
27
10
00
46
27
10
00
46
27
10
00
46
27
10
00
47
27
10
00
49
27
10
00
49
27
10
00
49
27
10
00
4A
27
10
00
49
27
10
00
49
27
10
00
49
27
10
00
4A
27
10
00
4A
27
10
00
49
27
10
00
4D
27
10
00
4A