FC
40
44
06
FC
40
44
06
FE
38
44
06
FA
38
44
06
FA
38
44
06
FC
38
44
06
FC
40
44
06
FC
40
44
06
FC
38
44
06
FC
40
44
06
FC
40
44
06
FC
40
44
06
FC
40
44
06
FC
40
44
06
FE
40
44
06
FE
40
44
06
FC
40
44
06
FE
40
44
06
FE
40
44
06
FE
40
44
06
FE
40
44
06
FE
40
44
06
FE
40
44
06
FE
40
44
06
FE
49
44
06
00
49
44
06
00
41
44
06
00
45
44
06
00
49
44
06
00
49
44
06
00
51
44
06
02
55
44
06
02
59
44
06
04
5D
44
06
04
61
44
06
04
61
44
06
04
61
44
06
04
61
44
06
04
61
44
06
06
61
44
06
06
61
44
06
06
61
44
06
06
61
44
06
06
61
44
06
08
69
44
06
08
69
44
06
08
69
44
06
08
65
44
06
08
69
44
06
08
69
44
06
08
65
44
06
06
61
44
06
06
61
44
06
06
69
44
06
08
69
44
06
08
69
44
06
08
69
44
06
08
65
44
06
08
65
44
06
08
69
44
06
08
71
44
06
08
71
44
06
0A
71
44
06
0A
71
44
06
0A
71
44
06
0A
79
44
06
0C
79
44
06
0C
71
44
06
0A
69
44
06
0A
71
44
06
0A
71
44
06
0A
69
44
06
0A
71
44
06
0A
71
44
06
0A
71
44
06
0C
71
44
06
0C
79
44
06
0C
79
44
06
0C
79
44
06
0C
79
44
06
0C
79
44
06
0C
79
44
06
0C
79
44
06
0E
79
44
06
0E
79
44
06
0E
79
44
06
0E
81
44
06
10
81
44
06
10
81
44
06
10
81
44
06
10
81
44
06
10
81
44
06
10
81
44
06
10
81
44
06
0E
81
44
06
0E
81
44
06
0E
81
44
06
10
81
44
06
0E
81
44
06
10
81
44
06
0E
81
44
06
10
89
44
06
10
89
44
06
10
81
44
06
10
81
44
06
10
89
44
06
10
81
44
06
10
89
44
06
10
89
44
06
10
89
44
06
10
91
44
06
12
91
44
06
12
91
44
06
14
91
44
06
14
91
44
06
12
91
44
06
16
99
44
06
16
99
44
06
16
95
44
06
16
99
44
06
16
99
44
06
16
99
44
06
16
91
44
06
14
99
44
06
16
99
44
06
16
99
44
06
16
99
44
06
16
99
44
06
16
99
44
06
16
99
44
06
16
99
44
06
16
99
44
06
16
99
44
06
16
99
44
06
16
99
44
06
18
A1
44
06
18
A1
44
06
18
A1
44
06
18
A1
44
06
18
A1
44
06
18
A1
44
06
18
A1
44
06
18
A1
44
06
18
A1
44
06
18
A1
44
06
18
A1
44
06
16
A1
44
06
18
01
40
06
1A
01
40
06
1A
01
40
06
18
A1
44
06
18
A1
44
06
16
A1
44
06
18
A1
44
06
18
01
40
06
1A
01
40
06
1A
01
40
06
1A
01
40
06
1C
01
40
06
1C
01
40
06
1E
01
40
06
1C
01
40
06
1C
01
40
06
1C
01
40
06
1C
01
40
06
1C
01
40
06
1C
01
40
06
1E
01
40
06
1C
01
40
06
1C
01
40
06
1C
01
40
06
1C
01
40
06
1C
01
40
06
1C
01
40
06
1C
01
40
06
1C
01
40
06
1C
01
40
06
1E
01
40
06
1C
01
40
06
1C
01
40
06
1E
01
40
06
1C
01
40
06
1E
01
40
06
20
01
40
06
20
01
40
06
20
01
40
06
20
01
40
06
20
01
40
06
22
01
40
06
20
01
40
06
20
01
40
06
20
01
40
06
22
01
40
06
22
01
40
06
23
01
40
06
22
01
40
06
22
01
40
06
22
01
40
06
22
01
40
06
23
01
40
06
24
01
40
06
24
01
40
06
22
01
40
06
22
01
40
06
22
01
40
06
26
01
40
06
26
01
40
06
26
01
40
06
26
01
40
06
26
01
40
06
26
01
40
06
26
01
40
06
26
01
40
06
26
01
40
06
26
01
40
06
26
01
40
06
26
01
40
06
26
01
40
06
24
01
40
06
24
01
40
06
24
01
40
06
26
01
40
06
24
01
40
06
24
01
40
06
24
01
40
06
26
01
40
06
26
01
40
06
26
01
40
06
26
01
40
06
26
01
40
06
26
01
40
06
26
01
40
06
28
01
40
06
28
00
40
06
00
00
40
06
00
00
40
06
00
00
40
06
00
00
40
06
00
00
40
06
00
00
40
06
00
00
40
06
00
00
40
06
00
00
40
06
00
00
40
06
00
00
40
06
00
01
40
06
28
00
40
06
00
00
40
06
00
00
40
06
00
38
40
06
00
00
40
06
00
38
40
06
00
38
40
06
00
38
40
06
00
38
40
06
00
00
40
06
00
38
40
06
00
38
40
06
00
38
40
06
00
38
40
06
00
38
40
06
00
40
40
06
00
40
40
06
00
40
40
06
00
40
40
06
00
40
40
06
00
40
40
06
00
40
40
06
00
44
40
06
00
48
40
06
00
48
40
06
00
48
40
06
00
4C
40
06
00
50
40
06
00
50
40
06
00
50
40
06
00
58
40
06
00
58
40
06
00
58
40
06
00
54
40
06
00
58
40
06
00
50
40
06
00
4C
40
06
00
48
40
06
00
48
40
06
00
48
40
06
00
50
40
06
00
50
40
06
00
50
40
06
00
50
40
06
00
48
40
06
00
48
40
06
00
48
40
06
00
50
40
06
00
54
40
06
00
50
40
06
00
58
40
06
00
58
40
06
00
58
40
06
00
58
40
06
00
58
40
06
00
58
40
06
00
58
40
06
00
60
40
06
00
68
40
06
00
68
40
06
00
68
40
06
00
68
40
06
00
68
40
06
00
68
40
06
00
68
40
06
00
68
40
06
00
68
40
06
00
70
40
06
00
70
40
06
00
70
40
06
00
68
40
06
00
68
40
06
00
68
40
06
00
68
40
06
00
68
40
06
00
68
40
06
00
68
40
06
00
70
40
06
00
70
40
06
00
70
40
06
00
70
40
06
00
70
40
06
00
70
40
06
00
70
40
06
00
70
40
06
00
70
40
06
00
70
40
06
00
70
40
06
00
70
40
06
00
78
40
06
00
70
40
06
00
78
40
06
00
78
40
06
00
78
40
06
00
80
40
06
00
80
40
06
00
80
40
06
00
80
40
06
00
80
40
06
00
80
40
06
00
80
40
06
00
80
40
06
00
80
40
06
00
80
40
06
00
80
40
06
00
80
40
06
00
80
40
06
00
80
40
06
00
80
40
06
00
80
40
06
00
80
40
06
00
80
40
06
00
80
40
06
00
80
40
06
00
80
40
06
00
80
40
06
00
80
40
06
00
80
40
06
00
80
40
06
00
80
40
06
00
80
40
06
00
80
40
06
00
80
40
06
00
80
40
06
00
80
40
06
00
80
40
06
00
80
40
06
00
80
40
06
00
80
40
06
00
80
40
06
00
80
40
06
00
80
40
06
00
80
40
06
00
80
40
06
00
80
40
06
00
80
40
06
00
80
40
06
00
80
40
06
00
80
40
06
00
88
40
06
00
80
40
06
00
84
40
06
00
84
40
06
00
80
40
06
00
80
40
06
00
80
40
06
00
80
40
06
00
84
40
06
00
88
40
06
00
88
40
06
00
90
40
06
12
90
40
06
12
90
40
06
12
90
40
06
12
90
40
06
14
90
40
06
14
98
40
06
12
98
50
06
14
98
50
06
14
98
40
06
14
94
40
06
14
98
50
06
14
90
40
06
14
90
40
06
12
90
40
06
12
94
40
06
14
98
50
06
14
98
50
06
16
98
50
06
14
98
50
06
14
98
50
06
14
94
40
06
16
A0
50
06
16
A0
50
06
16
A0
50
06
14
A0
50
06
16
A0
50
06
16
A0
50
06
16
98
50
06
16
A0
50
06
16
A0
50
06
16
A0
50
06
14
A0
50
06
16
A0
50
06
16
98
50
06
16
98
50
06
16
A8
50
06
16
A0
50
06
16
98
50
06
14
98
50
06
16
A0
50
06
16
A8
50
06
18
A8
50
06
1A
AC
50
06
1C
B0
50
06
1C
B0
50
06
1C
B0
50
06
1C
B0
50
06
1A
B0
50
06
1A
A8
50
06
1A
B0
50
06
1A
B0
50
06
1C
B0
50
06
1C
B4
50
06
1C
B4
50
06
1C
B4
50
06
1C
B4
50
06
1C
B0
50
06
1C
B0
50
06
1C
B4
50
06
1C
B0
50
06
1A
B4
50
06
1C
B8
50
06
1C
B8
50
06
1C
B8
50
06
1C
B8
50
06
1E
C0
50
06
1E
C0
50
06
1E
C4
50
06
20
C0
50
06
1E
C4
50
06
1E
C4
50
06
20
C8
50
06
20
D8
50
06
20
D8
50
06
20
D8
50
06
20
C8
50
06
20
C8
50
06
20
D4
50
06
20
D4
50
06
20
D4
50
06
20
C8
50
06
20
C8
50
06
20
C8
50
06
20
C8
50
06
20
C8
50
06
20
C8
50
06
20
D8
50
06
20
D8
50
06
20
D8
50
06
20
E0
50
06
20
D8
50
06
20
D8
50
06
20
E0
50
06
20
E0
50
06
20
D8
50
06
20
E0
50
06
20
E0
50
06
20
E4
50
06
20
E4
50
06
20
E8
50
06
20
E8
50
06
20
E4
50
06
20
E8
50
06
20
E8
50
06
20
F0
50
06
20
F0
50
06
20
E8
50
06
20
E8
50
06
20
F0
50
06
22
F0
50
06
22
F0
50
06
22
F0
50
06
22
F0
50
06
20
F0
50
06
20
E8
50
06
20
E8
50
06
22
F0
50
06
20
F0
50
06
22
F0
50
06
22
F0
50
06
22
F0
50
06
20
F0
50
06
22
F0
50
06
20
F0
50
06
22
F0
50
06
20
F0
50
06
22
F0
50
06
22
F0
50
06
20
F8
50
06
24
F8
50
06
24
F8
50
06
24
00
51
06
24
00
51
06
24
00
51
06
24
00
51
06
26
00
51
06
26
00
51
06
24
00
51
06
24
00
51
06
26
08
51
06
28
08
51
06
28
08
51
06
28
10
51
06
28
08
51
06
28
08
51
06
2A
10
51
06
2A
08
51
06
2A
10
51
06
28
10
51
06
28
18
51
06
2A
10
51
06
2A
18
51
06
2A
18
51
06
2C
18
51
06
2A
08
51
06
2A
18
51
06
2A
18
51
06
2A
18
51
06
2A
18
51
06
2A
18
51
06
2C
18
51
06
2C
18
51
06
2C
18
51
06
2C
18
51
06
2C
18
51
06
2C
18
51
06
2C
18
51
06
2C
18
51
06
2C
18
51
06
2A
18
51
06
2C
20
51
06
2C
18
51
06
2C
18
51
06
2C
20
51
06
2C
20
51
06
2E
20
51
06
2E
28
51
06
30
28
51
06
30
28
51
06
2E
28
51
06
2E
24
51
06
2E
20
51
06
2E
20
51
06
2E
20
51
06
2E
20
51
06
2C
20
51
06
2E
20
51
06
30
20
51
06
30
28
51
06
30
30
51
06
32
30
51
06
32
34
51
06
32
30
51
06
32
30
41
06
36
38
41
06
36
38
41
06
36
38
41
06
36
38
41
06
36
40
41
06
36
38
51
06
36
38
51
06
32
38
51
06
36
30
51
06
32
38
51
06
36
38
41
06
36
38
41
06
36
38
41
06
36
38
41
06
36
38
41
06
36
38
41
06
36
38
41
06
36
40
41
06
38
40
41
06
38
38
41
06
36
40
41
06
36
38
41
06
36
38
51
06
36
38
41
06
36
38
41
06
36
40
41
06
38
40
41
06
3A
48
41
06
3A
48
41
06
3A
48
41
06
3A
48
41
06
3A
48
41
06
3A
48
41
06
3A
48
41
06
3A
48
41
06
38
48
41
06
3A
48
41
06
3A
48
41
06
3A
48
41
06
38
48
41
06
3A
48
41
06
3A
48
41
06
3A
50
41
06
3C
4C
41
06
3C
50
41
06
3C
48
41
06
3C
50
41
06
3C
50
41
06
3C
50
41
06
3C
50
41
06
3C
50
41
06
3C
50
41
06
3C
50
41
06
3E
50
41
06
3E
50
41
06
3C
50
41
06
3E
50
41
06
3E
54
41
06
3E
58
41
06
40
58
41
06
40
60
41
06
40
58
41
06
40
58
41
06
40
58
41
06
40
58
41
06
40
58
41
06
40
58
41
06
40
58
41
06
40
58
41
06
3E
58
41
06
40
58
41
06
40
60
41
06
40
60
41
06
40
58
41
06
40
58
41
06
40
60
41
06
42
58
41
06
40
60
41
06
42
68
41
06
42
68
41
06
42
64
41
06
42
60
41
06
42
60
41
06
42
68
41
06
40
68
41
06
42
68
41
06
44
68
41
06
44
74
41
06
46
6C
41
06
46
70
41
06
46
78
41
06
48
78
41
06
46
78
41
06
48
78
41
06
48
80
41
06
4A
80
41
06
48
80
41
06
4A
80
41
06
48
80
41
06
48
80
41
06
48
80
41
06
48
80
41
06
48
80
41
06
48
80
41
06
48
80
41
06
48
80
41
06
48
80
41
06
48
80
41
06
48
80
41
06
48
80
41
06
48
80
41
06
48
80
41
06
48
80
41
06
48
80
41
06
48
80
41
06
48
80
41
06
4A
80
41
06
4A
80
41
06
4A
88
41
06
4C
88
41
06
4E
98
41
06
4E
94
41
06
4E
90
41
06
4E
88
41
06
4E
88
41
06
4E
90
41
06
4E
90
41
06
4E
90
41
06
4E
88
41
06
4E
88
41
06
4E
88
41
06
4E
88
41
06
4C
88
41
06
4C
88
41
06
4C
88
41
06
4A
88
41
06
4C
88
41
06
4C
88
41
06
4E
94
41
06
50
94
41
06
4E
98
41
06
50
98
41
06
50
98
41
06
50
98
41
06
50
98
41
06
50
98
41
06
50
A0
41
06
50
98
41
06
50
98
41
06
52
98
41
06
50
A0
41
06
52
98
41
06
52
A0
41
06
52
A0
41
06
52
98
41
06
52
A0
41
06
54
A0
41
06
52
A0
41
06
52
A0
41
06
52
A0
41
06
54
A4
41
06
54
A8
41
06
54
A8
41
06
54
A8
41
06
54
A8
41
06
54
A8
41
06
54
A8
41
06
54
AC
41
06
54
A8
41
06
54
A8
41
06
54
A8
41
06
54
B0
41
06
54
B0
41
06
56
B0
41
06
56
B0
41
06
56
B0
41
06
56
B0
41
06
56
B0
41
06
56
B8
41
06
58
B8
41
06
58
B8
41
06
58
C0
41
06
5A
C0
41
06
5A
B8
41
06
58
B8
41
06
58
C0
41
06
58
B8
41
06
58
B8
41
06
57
C0
41
06
58
B8
41
06
58
C0
41
06
58
B8
41
06
58
B8
41
06
56
B0
41
06
58
C0
41
06
58
B8
41
06
58
C0
41
06
58
B8
41
06
56
B8
41
06
58
B8
41
06
57
B8
41
06
56
B8
41
06
58
C0
41
06
5A
C8
41
06
5C
C8
41
06
5C
C8
41
06
5A
C8
41
06
5A
C8
41
06
5E
C8
41
06
5A
C8
41
06
5A
C4
41
06
5A
C4
41
06
5A
C8
41
06
5C
C8
41
06
5E
C8
41
06
5E
C8
41
06
60
D0
41
06
60
D0
41
06
60
D0
41
06
5E
D0
41
06
5E
C8
41
06
5E
D0
41
06
5E
D0
41
06
60
D0
41
06
60
D0
41
06
60
D8
41
06
60
D8
41
06
60
D8
41
06
60
D8
41
06
60
D8
41
06
60
D8
41
06
60
D0
41
06
60
D0
41
06
60
D8
41
06
60
D8
41
06
60
D8
41
06
60
D8
41
06
60
D8
41
06
60
D8
41
06
60
D0
41
06
60
D8
41
06
60
D8
41
06
60
D8
41
06
60
E0
41
06
62
E0
41
06
62
E0
41
06
64
E8
41
06
64
E8
41
06
64
E8
41
06
66
F0
41
06
66
E8
41
06
64
E8
41
06
64
E8
41
06
64
E4
41
06
62
E0
41
06
62
E0
41
06
64
E8
41
06
64
E8
41
06
66
F0
41
06
66
F0
41
06
66
F0
41
06
68
F0
41
06
68
F0
41
06
66
F0
41
06
68
F0
41
06
68
F0
41
06
66
F0
41
06
66
E8
41
06
66
F0
41
06
68
F0
41
06
68
F4
41
06
68
F8
41
06
6A
F8
41
06
6A
F8
41
06
6A
F8
41
06
6A
F8
41
06
6A
F8
41
06
6A
08
42
06
6A
F8
41
06
6A
F0
41
06
68
F8
41
06
68
F8
41
06
68
F0
41
06
68
F0
41
06
68
F8
41
06
6A
F8
41
06
6A
08
42
06
6C
08
42
06
6C
08
42
06
6C
08
42
06
6C
10
42
06
6C
10
42
06
6C
10
42
06
6C
08
42
06
6C
10
42
06
6C
08
42
06
6E
10
42
06
6C
10
42
06
6C
10
42
06
6E
10
42
06
6E
10
42
06
6E
10
42
06
6E
10
42
06
6E
10
42
06
70
10
42
06
70
10
42
06
70
10
42
06
70
10
42
06
72
10
42
06
70
10
42
06
70
10
42
06
72
10
42
06
70
14
42
06
72
14
42
06
72
14
42
06
72
14
42
06
70
10
42
06
72
14
42
06
72
10
42
06
72
10
42
06
72
14
42
06
72
14
42
06
72
18
42
06
72
18
42
06
72
18
42
06
72
18
42
06
72
18
42
06
72
14
42
06
72
14
42
06
72
18
42
06
72
14
42
06
72
14
42
06
73
20
42
06
73
20
42
06
74
20
42
06
76
20
42
06
76
28
42
06
76
28
42
06
76
20
42
06
76
28
42
06
76
28
42
06
76
28
42
06
78
28
42
06
78
28
42
06
78
28
42
06
78
28
42
06
76
20
42
06
76
28
42
06
76
30
42
06
76
28
42
06
78
28
42
06
78
30
42
06
78
30
42
06
78
30
42
06
7A
34
42
06
7A
30
42
06
7A
30
42
06
7A
30
42
06
7A
30
42
06
78
30
42
06
78
30
42
06
7A
34
42
06
7A
34
42
06
7A
38
42
06
7C
44
42
06
7C
38
42
06
7C
38
42
06
7A
38
42
06
7A
34
42
06
7A
30
42
06
7A
30
42
06
7A
34
42
06
7A
34
42
06
7A
38
42
06
7C
44
42
06
7C
44
42
06
7C
48
42
06
7C
48
42
06
7C
38
42
06
7A
38
42
06
7C
38
42
06
7C
38
42
06
7A
38
42
06
7C
48
42
06
7C
48
42
06
7C
48
42
06
7E
58
42
06
7E
58
42
06
82
58
42
06
82
58
42
06
82
58
42
06
82
58
42
06
7E
58
42
06
7E
50
42
06
7E
58
42
06
82
50
42
06
82
58
42
06
82
5C
42
06
84
60
42
06
84
60
42
06
84
60
42
06
84
5C
42
06
84
60
42
06
84
60
42
06
84
60
42
06
84
60
42
06
84
60
42
06
84
60
42
06
84
60
42
06
84
60
42
06
84
60
42
06
84
64
42
06
84
68
42
06
84
68
42
06
84
64
42
06
84
60
42
06
84
64
42
06
84
60
42
06
84
64
42
06
84
68
42
06
84
68
42
06
84
68
42
06
84
68
42
06
84
68
42
06
84
64
42
06
84
70
42
06
84
64
42
06
84
68
42
06
84
70
42
06
86
70
42
06
84
68
42
06
84
68
42
06
84
70
42
06
84
68
42
06
86