12
39
42
01
12
11
42
01
08
E8
41
01
FC
B8
41
01
F0
90
41
01
E4
60
41
01
DA
38
41
01
CE
08
41
01
C2
E0
40
01
B6
A8
40
01
AA
80
30
01
A0
68
30
01
96
38
30
01
88
00
30
01
7C
A0
34
01
72
78
34
01
68
48
34
01
5E
20
34
01
52
F8
33
01
46
C8
33
01
3A
98
43
01
2C
70
43
01
20
40
43
01
1C
18
43
01
00
E8
42
01
00
B8
42
01
00
89
42
01
26
61
42
01
1A
31
42
01
10
09
42
01
02
D8
41
01
F8
B0
41
01
EC
80
41
01
E0
58
41
01
D8
28
41
01
CC
00
41
01
BE
C8
40
01
B2
98
40
01
A8
80
30
01
9A
58
30
01
8E
00
30
01
84
00
30
01
78
90
34
01
6C
60
34
01
62
38
34
01
56
00
34
01
4C
D8
33
01
3E
A8
43
01
32
80
43
01
26
58
43
01
20
28
43
01
16
F8
42
01
00
C8
42
01
00
A0
42
01
00
71
42
01
20
49
42
01
14
11
42
01
08
F0
41
01
FC
C0
41
01
F2
98
41
01
E6
68
41
01
DC
40
41
01
D0
18
41
01
C6
E4
40
01
B8
A8
40
01
AE
80
30
01
A2
70
30
01
96
48
30
01
8A
00
30
01
7E
00
30
01
74
80
34
01
6A
54
34
01
60
30
34
01
54
F8
33
01
48
D0
33
01
3E
A4
43
01
30
78
43
01
24
50
43
01
1E
20
43
01
14
F0
42
01
00
C0
42
01
00
99
42
01
28
69
42
01
1C
31
42
01
10
11
42
01
06
E4
41
01
FA
B8
41
01
F0
88
41
01
E4
58
41
01
DA
30
41
01
CC
00
41
01
C0
D8
40
01
B6
A0
40
01
A8
80
30
01
9E
68
30
01
94
00
30
01
88
00
30
01
7C
A0
34
01
72
78
34
01
68
48
34
01
5E
20
34
01
52
F0
33
01
48
C8
33
01
3C
A0
43
01
2E
70
43
01
22
48
43
01
1E
20
43
01
12
F0
42
01
00
C0
42
01
00
99
42
01
28
61
42
01
1C
35
42
01
12
11
42
01
06
E4
41
01
FA
B8
41
01
F0
90
41
01
E4
60
41
01
DA
38
41
01
CC
00
41
01
C0
D8
40
01
B6
A0
40
01
A8
80
30
01
9E
68
30
01
92
38
30
01
86
00
30
01
7C
A0
34
01
72
78
34
01
68
48
34
01
5A
18
34
01
50
F0
33
01
46
C0
33
01
38
90
43
01
2C
68
43
01
20
38
43
01
1A
10
43
01
00
E0
42
01
00
A8
42
01
00
81
42
01
22
59
42
01
18
29
42
01
0E
09
42
01
00
D0
41
01
F6
A8
41
01
EA
80
41
01
E0
50
41
01
D6
28
41
01
CA
F8
40
01
BC
C0
40
01
B2
90
30
01
A8
80
30
01
98
50
30
01
8E
00
30
01
84
00
30
01
78
88
34
01
6C
60
34
01
62
38
34
01
56
08
34
01
4C
E0
33
01
40
B0
43
01
32
80
43
01
26
58
43
01
20
28
43
01
14
F8
42
01
00
D0
42
01
00
A0
42
01
00
71
42
01
20
49
42
01
14
15
42
01
08
E8
41
01
FE
C0
41
01
F2
98
41
01
E6
68
41
01
DC
40
41
01
CE
08
41
01
C4
E0
40
01
B8
A8
40
01
AC
80
30
01
A0
68
30
01
96
38
30
01
88
00
30
01
7C
A0
34
01
73
80
34
01
68
48
34
01
5E
20
34
01
52
F0
33
01
48
C8
33
01
3C
98
43
01
2E
70
43
01
22
48
43
01
1E
18
43
01
12
F0
42
01
00
C0
42
01
00
99
42
01
28
61
42
01
1C
31
42
01
10
11
42
01
06
E8
41
01
FC
B8
41
01
F0
90
41
01
E4
60
41
01
DA
38
41
01
CC
08
41
01
C2
E0
40
01
B6
A0
40
01
AA
80
30
01
A0
68
30
01
96
38
30
01
88
00
30
01
7E
00
30
01
74
78
34
01
68
48
34
01
5E
24
34
01
54
F0
33
01
46
C8
33
01
3A
98
43
01
2C
70
43
01
20
40
43
01
1C
18
43
01
00
E8
42
01
00
B8
42
01
00
91
42
01
26
61
42
01
1C
31
42
01
10
09
42
01
02
E0
41
01
FA
B0
41
01
EE
88
41
01
E2
58
41
01
D8
30
41
01
CC
04
41
01
C0
D8
40
01
B6
A0
40
01
A8
80
30
01
9E
60
30
01
94
00
30
01
84
00
30
01
7C
98
34
01
72
70
34
01
66
40
34
01
58
18
34
01
4E
E8
33
01
42
B8
33
01
38
88
43
01
2A
68
43
01
20
38
43
01
1A
00
43
01
00
D8
42
01
00
A8
42
01
00
81
42
01
22
59
42
01
18
25
42
01
0E
09
42
01
00
D0
41
01
F6
A8
41
01
EA
80
41
01
DE
50
41
01
D6
20
41
01
CA
F8
40
01
BC
C0
40
01
B0
98
40
01
A8
80
30
01
98
50
30
01
8C
00
30
01
84
00
30
01
78
88
34
01
6C
60
34
01
62
38
34
01
56
00
34
01
4A
D8
33
01
3E
A8
43
01
32
80
43
01
26
58
43
01
20
28
43
01
14
F0
42
01
00
C8
42
01
00
A0
42
01
00
69
42
01
20
39
42
01
12
11
42
01
06
E8
41
01
FC
C0
41
01
F0
98
41
01
E6
60
41
01
DC
40
41
01
CE
08
41
01
C2
E0
40
01
B8
A0
40
01
AA
80
30
01
A0
68
30
01
96
38
30
01
88
00
30
01
7C
A0
34
01
72
78
34
01
68
48
34
01
5C
20
34
01
50
F0
33
01
46
C8
33
01
3C
98
43
01
2C
70
43
01
22
48
43
01
1C
18
43
01
00
F0
42
01
00
C0
42
01
00
91
42
01
26
61
42
01
1C
31
42
01
10
11
42
01
04
E0
41
01
FA
B0
41
01
EE
88
41
01
E4
60
41
01
DA
38
41
01
CE
08
41
01
C4
E0
40
01
B6
A8
40
01
AA
80
30
01
A0
68
30
01
96
38
30
01
88
00
30
01
7C
A0
34
01
72
70
34
01
68
40
34
01
5A
18
34
01
50
F0
33
01
44
C0
33
01
38
90
43
01
2A
70
43
01
20
38
43
01
1A
10
43
01
00
E8
42
01
00
B8
42
01
00
89
42
01
24
59
42
01
18
29
42
01
0E
09
42
01
00
D8
41
01
F6
A8
41
01
EA
80
41
01
DE
50
41
01
D6
20
41
01
CA
F0
40
01
BC
C0
40
01
B0
90
30
01
A6
80
30
01
98
50
30
01
8C
00
30
01
84
00
30
01
7A
90
34
01
6C
60
34
01
64
40
34
01
56
08
34
01
4E
E0
33
01
40
B0
33
01
36
80
43
01
28
60
43
01
20
30
43
01
18
FC
42
01
00
D0
42
01
00
A0
42
01
00
79
42
01
20
51
42
01
16
15
42
01
0A
F0
41
01
FE
C8
41
01
F2
98
41
01
E6
74
41
01
DC
48
41
01
D2
18
41
01
C6
E8
40
01
BA
B0
40
01
AE
84
30
01
A2
70
30
01
98
48
30
01
8A
00
30
01
82
00
30
01
76
88
34
01
6C
58
34
01
60
30
34
01
54
F8
33
01
48
D8
33
01
3C
A4
43
01
30
78
43
01
24
50
43
01
1E
28
43
01
14
F0
42
01
00
C8
42
01
00
A0
42
01
00
75
42
01
20
49
42
01
16
15
42
01
0A
F0
41
01
FE
C8
41
01
F4
A0
41
01
E8
74
41
01
DC
48
41
01
D2
18
41
01
C6
E8
40
01
BC
B0
40
01
AE
84
30
01
A2
70
30
01
98
48
30
01
8A
00
30
01
82
00
30
01
76
80
34
01
6A
58
34
01
60
30
34
01
54
00
34
01
4A
D0
33
01
3E
A0
43
01
30
78
43
01
24
50
43
01
1E
28
43
01
14
F0
42
01
00
C0
42
01
00
99
42
01
28
65
42
01
1E
35
42
01
12
11
42
01
06
E8
41
01
FA
B8
41
01
F0
90
41
01
E4
60
41
01
DA
38
41
01
CE
08
41
01
C4
E0
40
01
B8
A8
40
01
AA
80
30
01
A0
68
30
01
94
38
30
01
88
00
30
01
7C
A0
34
01
72
78
34
01
68
48
34
01
5A
18
34
01
52
F0
33
01
44
C0
33
01
38
90
43
01
2A
68
43
01
20
38
43
01
1A
08
43
01
00
E0
42
01
00
A8
42
01
00
81
42
01
24
59
42
01
18
29
42
01
0C
F9
41
01
00
D0
41
01
F6
A4
41
01
E8
80
41
01
DE
50
41
01
D4
20
41
01
C8
F0
40
01
BC
B8
40
01
B0
90
30
01
A4
78
30
01
98
4C
30
01
8C
00
30
01
84
00
30
01
76
88
34
01
6C
58
34
01
60
30
34
01
54
00
34
01
4A
D8
33
01
3E
A8
43
01
30
78
43
01
24
58
43
01
20
28
43
01
14
F0
42
01
00
C8
42
01
00
A0
42
01
00
69
42
01
20
49
42
01
14
11
42
01
08
E8
41
01
FE
C8
41
01
F2
98
41
01
E6
68
41
01
DC
48
41
01
D2
18
41
01
C6
E8
40
01
BA
B4
40
01
AE
88
30
01
A4
70
30
01
98
48
30
01
8A
00
30
01
82
00
30
01
76
80
34
01
6A
54
34
01
60
28
34
01
54
F8
33
01
48
CC
33
01
3C
A0
43
01
30
70
43
01
24
50
43
01
1E
20
43
01
14
F0
42
01
00
C0
42
01
00
99
42
01
28
61
42
01
1E
39
42
01
10
11
42
01
06
E4
41
01
FC
B8
41
01
F0
94
41
01
E4
68
41
01
DC
38
41
01
D0
08
41
01
C4
E0
40
01
B8
A8
40
01
AC
80
30
01
A0
68
30
01
94
38
30
01
86
00
30
01
7C
98
34
01
72
70
34
01
68
40
34
01
5A
18
34
01
50
F0
33
01
46
C0
33
01
38
90
43
01
2A
70
43
01
20
38
43
01
1C
10
43
01
00
E0
42
01
00
B8
42
01
00
89
42
01
24
5D
42
01
1A
29
42
01
10
09
42
01
00
D8
41
01
F8
B0
41
01
EC
80
41
01
DE
50
41
01
D6
28
41
01
CA
F8
40
01
BC
C8
40
01
B2
98
40
01
A8
80
30
01
9A
54
30
01
8E
00
30
01
84
00
30
01
7A
90
34
01
6E
68
34
01
64
40
34
01
58
08
34
01
4E
E0
33
01
42
B4
33
01
36
88
43
01
28
60
43
01
20
30
43
01
18
00
43
01
00
D8
42
01
00
A8
42
01
00
79
42
01
22
51
42
01
16
21
42
01
0A
F0
41
01
FE
C8
41
01
F4
A0
41
01
E6
74
41
01
DC
48
41
01
D2
18
41
01
C6
E8
40
01
BA
B0
40
01
B0
88
30
01
A4
70
30
01
98
48
30
01
8A
00
30
01
84
00
30
01
78
88
34
01
6C
58
34
01
60
30
34
01
56
00
34
01
4A
D8
33
01
3E
A4
43
01
30
78
43
01
24
58
43
01
20
20
43
01
14
F0
42
01
00
C4
42
01
00
98
42
01
00
61
42
01
1E
31
42
01
10
11
42
01
06
E8
41
01
FA
B8
41
01
F0
88
41
01
E4
60
41
01
DA
38
41
01
CE
08
41
01
C4
E0
40
01
B8
A8
40
01
AA
80
30
01
A0
68
30
01
96
38
30
01
88
00
30
01
7C
00
30
01
74
80
34
01
68
48
34
01
5E
20
34
01
52
F8
33
01
48
C8
33
01
3C
98
43
01
2E
70
43
01
22
48
43
01
1C
18
43
01
00
F0
42
01
00
B8
42
01
00
89
42
01
26
61
42
01
1C
31
42
01
10
11
42
01
04
E0
41
01
F8
B0
41
01
EE
88
41
01
E2
58
41
01
DA
30
41
01
CC
00
41
01
BE
D4
40
01
B4
98
40
01
A8
80
30
01
9E
58
30
01
92
00
30
01
84
00
30
01
7C
98
34
01
70
68
34
01
64
40
34
01
58
08
34
01
4E
E8
33
01
42
B8
33
01
36
88
43
01
2A
68
43
01
20
38
43
01
1A
08
43
01
00
E0
42
01
00
A8
42
01
00
81
42
01
23
59
42
01
18
29
42
01
0E
09
42
01
00
D0
41
01
F6
A8
41
01
EA
80
41
01
DE
50
41
01
D6
20
41
01
CA
F8
40
01
BC
C0
40
01
B2
90
30
01
A8
80
30
01
9A
58
30
01
8E
00
30
01
84
00
30
01
7A
90
34
01
6E
68
34
01
64
40
34
01
57
08
34
01
4E
E4
33
01
42
B8
33
01
38
88
43
01
28
68
43
01
20
38
43
01
18
08
43
01
00
E0
42
01
00
A8
42
01
00
81
42
01
22
59
42
01
18
21
42
01
0C
F9
41
01
00
D0
41
01
F6
A4
41
01
E8
80
41
01
DE
50
41
01
D4
20
41
01
C8
F0
40
01
BC
B8
40
01
B2
90
30
01
A6
78
30
01
98
50
30
01
8C
00
30
01
84
00
30
01
78
88
34
01
6C
60
34
01
62
38
34
01
56
00
34
01
4A
D8
33
01
3E
A8
43
01
32
78
43
01
24
58
43
01
20
28
43
01
14
F0
42
01
00
C8
42
01
00
A0
42
01
00
71
42
01
20
49
42
01
14
11
42
01
08
F0
41
01
FC
C8
41
01
F2
98
41
01
E6
68
41
01
DC
48
41
01
D2
18
41
01
C6
E8
40
01
BA
B0
40
01
AE
84
30
01
A2
70
30
01
96
44
30
01
8A
00
30
01
7C
00
30
01
74
80
34
01
68
54
34
01
60
24
34
01
54
F8
33
01
48
C8
33
01
3C
A0
43
01
2C
70
43
01
22
48
43
01
1C
18
43
01
00
F0
42
01
00
C0
42
01
00
99
42
01
26
61
42
01
1C
31
42
01
10
0D
42
01
04
E0
41
01
F8
B0
41
01
EE
88
41
01
E2
54
41
01
D8
30
41
01
CC
00
41
01
C0
D4
40
01
B4
98
40
01
A8
80
30
01
9E
58
30
01
92
00
30
01
84
00
30
01
7A
94
34
01
6E
68
34
01
64
40
34
01
57
08
34
01
4E
E0
33
01
40
B0
23
01
36
88
43
01
28
60
43
01
20
30
43
01
18
F8
42
01
00
D8
42
01
00
A0
42
01
00
75
42
01
20
49
42
01
16
19
42
01
0A
F1
41
01
00
C8
41
01
F4
A0
41
01
E6
78
41
01
DC
44
41
01
D2
18
41
01
C6
E8
40
01
BA
B0
40
01
AE
80
30
01
A2
70
30
01
96
40
30
01
88
00
30
01
7E
00
30
01
74
80
34
01
68
48
34
01
5E
28
34
01
54
F8
33
01
48
C8
33
01
3C
A0
43
01
2E
70
43
01
22
50
43
01
1E
20
43
01
12
F0
42
01
00
C0
42
01
00
98
42
01
00
65
42
01
1E
39
42
01
12
11
42
01
08
E8
41
01
FC
C0
41
01
F0
94
41
01
E6
64
41
01
DC
40
41
01
CE
0C
41
01
C6
E4
40
01
B6
A8
40
01
AC
80
30
01
A0
68
30
01
96
40
30
01
88
00
30
01
7E
00
30
01
74
80
34
01
6A
50
34
01
60
28
34
01
54
F8
33
01
48
CC
33
01
3C
A0
43
01
2E
70
43
01
22
48
43
01
1C
18
43
01
00
F0
42
01
00
C0
42
01
00
99
42
01
26
61
42
01
1C
31
42
01
10
11
42
01
06
E0
41
01
FA
B8
41
01
EE
88
41
01
E2
60
41
01
D8
34
41
01
CC
08
41
01
C0
D8
40
01
B6
A0
40
01
A8
80
30
01
9E
64
30
01
94
00
30
01
86
00
30
01
7C
98
34
01
72
70
34
01
66
40
34
01
5A
14
34
01
50
E8
33
01
46
C0
33
01
38
90
43
01
2C
68
43
01
20
38
43
01
1C
10
43
01
00
E0
42
01
00
B8
42
01
00
81
42
01
24
59
42
01
18
21
42
01
0C
F9
41
01
00
D0
41
01
F6
A4
41
01
E8
80
41
01
DE
50
41
01
D6
20
41
01
C8
F0
40
01
BC
B8
40
01
B0
90
30
01
A6
80
30
01
98
50
30
01
8C
00
30
01
84
00
30
01
78
88
34
01
6C
60
34
01
62
38
34
01
56
00
34
01
4C
E0
33
01
40
A8
43
01
32
80
43
01
24
58
43
01
20
28
43
01
14
F8
42
01
00
D0
42
01
00
A0
42
01
00
71
42
01
20
49
42
01
12
11
42
01
08
E8
41
01
FE
C0
41
01
F2
98
41
01
E6
68
41
01
DC
38
41
01
D0
18
41
01
C6
E4
40
01
BA
B0
40
01
AE
80
30
01
A0
70
30
01
96
48
30
01
88
00
30
01
82
00
30
01
74
80
34
01
6A
58
34
01
60
28
34
01
54
F8
33
01
48
CC
33
01
3C
A0
43
01
2E
70
43
01
22
50
43
01
1E
20
43
01
14
F0
42
01
00
C8
42
01
00
99
42
01
28
65
42
01
1E
39
42
01
12
11
42
01
08
E8
41
01
FC
C0
41
01
F0
90
41
01
E4
60
41
01
DA
38
41
01
CE
08
41
01
C0
E0
40
01
B6
A0
40
01
AA
80
30
01
9E
68
30
01
94
38
30
01
86
00
30
01
7C
98
34
01
72
70
34
01
66
48
34
01
5A
18
34
01
50
F0
33
01
46
C0
33
01
38
90
43
01
2C
68
43
01
20
38
43
01
1A
10
43
01
00
E0
42
01
00
B8
42
01
00
81
42
01
24
5D
42
01
1A
29
42
01
0E
09
42
01
00
D8
41
01
F6
A8
41
01
EA
80
41
01
DE
50
41
01
D6
28
41
01
CA
F8
40
01
BC
C8
40
01
B2
94
30
01
A8
80
30
01
9A
58
30
01
8E
00
30
01
84
00
30
01
7A
90
34
01
6E
64
34
01
62
40
34
01
56
00
34
01
4C
E0
33
01
40
A8
23
01
32
80
43
01
26
58
43
01
20
30
43
01
16
F8
42
01
00
C8
42
01
00
A0
42
01
00
71
42
01
20
49
42
01
12
11
42
01
08
F0
41
01
FE
C8
41
01
F2
98
41
01
E6
74
41
01
DC
48
41
01
D2
20
41
01
C6
E8
40
01
BC
B0
40
01
AE
84
30
01
A2
70
30
01
98
48
30
01
8A
00
30
01
82
00
30
01
76
80
34
01
6A
54
34
01
60
28
34
01
54
F8
33
01
48
D0
33
01
3C
A0
43
01
30
70
43
01
22
48
43
01
1E
20
43
01
12
F0
42
01
00
C0
42
01
00
99
42
01
28
69
42
01
1E
45
42
01
12
11
42
01
08
E8
41
01
FC
C0
41
01
F2
94
41
01
E4
68
41
01
DC
38
41
01
CE
08
41
01
C4
E0
40
01
B8
A8
40
01
AE
80
30
01
A0
70
30
01
96
38
30
01
88
00
30
01
7E
00
30
01
74
80
34
01
68
48
34
01
5E
24
34
01
54
F8
33
01
48
C8
33
01
3C
A0
43
01
30
70
43
01
22
50
43
01
1E
20
43
01
14
F0
42
01
00
C0
42
01
00
99
42
01
28
65
42
01
1C
31
42
01
10
11
42
01
06
E0
41
01
FA
B8
41
01
F0
90
41
01
E2
60
41
01
DA
38
41
01
CC
04
41
01
C0
D8
40
01
B6
A0
40
01
A8
80
30
01
9E
68
30
01
94
00
30
01
86
00
30
01
7C
A0
34
01
72
74
34
01
66
48
34
01
5A
20
34
01
50
E8
33
01
44
C0
33
01
38
98
43
01
2C
70
43
01
20
40
43
01
1C
10
43
01
00
E0
42
01
00
B8
42
01
00
81
42
01
23