00
00
00
00
00
00
C2
00
15
9F
B6
42
14
00
AC
38
14
00
A8
2E
14
00
9E
21
14
00
90
16
14
00
84
0C
14
00
78
02
14
00
6C
00
14
00
60
00
14
00
54
00
14
00
48
00
10
00
3C
00
10
00
32
EC
10
00
26
E4
13
00
18
D6
13
00
0E
CC
17
00
03
C1
13
00
00
B6
13
00
00
AC
13
00
00
A8
13
00
00
9E
13
00
00
90
13
00
00
86
15
00
EC
7A
15
00
E0
6E
14
00
D4
61
14
00
C8
56
14
00
BE
4A
14
00
B2
3E
14
00
AC
34
14
00
A4
2A
14
00
98
1D
14
00
8C
12
14
00
80
06
14
00
74
01
14
00
66
00
14
00
5C
00
14
00
50
00
10
00
44
00
10
00
3A
00
10
00
2C
EA
10
00
22
E0
13
00
16
D4
13
00
0A
C8
13
00
02
BD
13
00
00
B4
13
00
00
AC
13
00
00
A4
13
00
00
98
13
00
00
8E
13
00
00
82
15
00
E8
76
14
00
DE
6C
14
00
D2
5E
14
00
C6
52
14
00
BA
46
14
00
AE
3C
14
00
AC
31
14
00
A0
26
14
00
96
19
14
00
8C
0E
14
00
7E
05
14
00
72
00
14
00
64
00
14
00
5A
00
14
00
4E
00
10
00
42
00
10
00
36
00
10
00
2A
E9
10
00
1E
DC
13
00
12
D0
17
00
08
C6
13
00
00
BA
13
00
00
AE
13
00
00
AC
13
00
00
A1
13
00
00
92
13
00
00
8C
13
00
00
7E
15
00
E4
72
14
00
D8
64
14
00
CE
5B
14
00
C2
50
14
00
B6
43
14
00
AC
38
14
00
A8
2C
14
00
9E
21
14
00
90
16
14
00
84
0A
14
00
78
02
14
00
6E
00
14
00
60
00
14
00
54
00
14
00
4A
00
10
00
3C
00
10
00
32
00
10
00
26
E4
13
00
1A
D8
13
00
0E
CE
17
00
04
C4
13
00
00
B6
13
00
00
AC
13
00
00
A9
13
00
00
A0
13
00
00
90
13
00
00
86
15
00
EC
7A
15
00
E0
70
14
00
D4
62
14
00
C8
56
14
00
BE
4A
14
00
B2
40
14
00
AC
34
14
00
A4
2A
14
00
98
1E
14
00
8C
12
14
00
80
08
14
00
74
01
14
00
6A
00
14
00
5C
00
14
00
50
00
10
00
46
00
10
00
3A
00
10
00
2E
EB
10
00
22
E0
13
00
16
D4
13
00
0A
C8
13
00
02
BE
13
00
00
B4
13
00
00
AC
13
00
00
A6
13
00
00
9A
13
00
00
8E
13
00
00
82
15
00
EA
78
14
00
DE
6C
14
00
D2
60
14
00
C6
54
14
00
BA
47
14
00
AE
3C
14
00
AC
30
14
00
A2
26
14
00
96
1A
14
00
8C
10
14
00
80
06
14
00
72
00
14
00
64
00
14
00
5C
00
14
00
4E
00
10
00
44
00
10
00
36
00
10
00
2C
EA
10
00
20
DE
13
00
14
D2
13
00
08
C8
13
00
00
BC
13
00
00
AF
13
00
00
AC
13
00
00
A4
13
00
00
98
13
00
00
8C
13
00
00
80
15
00
E8
74
14
00
DA
6C
14
00
D0
5C
14
00
C4
52
14
00
B8
46
14
00
AC
3A
14
00
AA
2E
14
00
9E
24
14
00
90
18
14
00
86
0C
14
00
7A
03
14
00
6C
00
14
00
62
00
14
00
54
00
14
00
4A
00
10
00
3E
00
10
00
32
00
10
00
26
E4
13
00
18
D6
13
00
0E
CD
17
00
04
C2
13
00
00
B6
13
00
00
AC
13
00
00
A8
13
00
00
9E
13
00
00
90
13
00
00
86
15
00
EC
7A
15
00
E2
70
14
00
D4
62
14
00
CA
58
14
00
C0
4C
14
00
B4
42
14
00
AC
36
14
00
A6
2C
14
00
98
20
14
00
8E
15
14
00
84
0A
14
00
78
02
14
00
6C
00
14
00
60
00
14
00
54
00
10
00
48
00
10
00
3C
00
10
00
32
00
10
00
26
E4
13
00
18
D6
13
00
0E
CA
17
00
03
C2
13
00
00
B6
13
00
00
AC
13
00
00
A8
13
00
00
9E
13
00
00
90
13
00
00
86
15
00
EC
7A
15
00
E0
70
14
00
D4
62
14
00
C8
56
14
00
BE
4C
14
00
B4
40
14
00
AC
36
14
00
A6
2C
14
00
9A
20
14
00
90
14
14
00
82
08
14
00
76
02
14
00
6C
00
14
00
60
00
14
00
52
00
10
00
46
00
10
00
3A
00
10
00
2E
EC
10
00
22
E1
13
00
18
D4
13
00
0A
C8
13
00
02
C0
13
00
00
B4
13
00
00
AC
13
00
00
A6
13
00
00
9A
13
00
00
8E
13
00
00
82
15
00
EA
78
15
00
DE
6C
14
00
D4
60
14
00
C8
54
14
00
BC
49
14
00
B2
3E
14
00
AC
32
14
00
A4
28
14
00
96
1C
14
00
8C
12
14
00
80
06
14
00
74
00
14
00
64
00
14
00
5A
00
14
00
4E
00
10
00
42
00
10
00
36
00
10
00
2C
E8
10
00
20
DC
13
00
14
D2
17
00
08
C6
13
00
00
BA
13
00
00
AE
13
00
00
AC
13
00
00
A1
13
00
00
96
13
00
00
8A
13
00
00
7E
15
00
E4
74
14
00
D8
64
14
00
CE
5A
14
00
C2
4E
14
00
B4
42
14
00
AC
36
14
00
A8
2E
14
00
9E
22
14
00
90
16
14
00
84
0C
14
00
7A
02
14
00
6E
00
14
00
60
00
14
00
56
00
14
00
4C
00
10
00
3E
00
10
00
32
00
10
00
28
E4
13
00
1A
DA
13
00
10
CE
17
00
04
C4
13
00
00
B8
13
00
00
AC
13
00
00
AA
13
00
00
A0
13
00
00
91
13
00
00
8A
13
00
00
7E
15
00
E2
72
14
00
D8
64
14
00
CC
5A
14
00
C2
4E
14
00
B4
42
14
00
AC
36
14
00
A6
2C
14
00
9A
20
14
00
8E
14
14
00
82
08
14
00
74
01
14
00
6A
00
14
00
5E
00
14
00
50
00
10
00
44
00
10
00
3A
00
10
00
2E
EC
10
00
22
E0
13
00
16
D4
13
00
0A
C8
13
00
02
BE
13
00
00
B2
13
00
00
AC
13
00
00
A4
13
00
00
98
13
00
00
8E
13
00
00
82
15
00
E8
74
14
00
DA
6A
14
00
D0
5E
14
00
C4
52
14
00
B8
46
14
00
AC
3A
14
00
AA
2E
14
00
A0
24
14
00
90
18
14
00
86
0C
14
00
7A
03
14
00
6E
00
14
00
62
00
14
00
56
00
14
00
4C
00
10
00
3E
00
10
00
32
00
10
00
28
E4
13
00
1E
DA
13
00
12
D0
17
00
06
C4
13
00
00
B8
13
00
00
AC
13
00
00
AA
13
00
00
A0
13
00
00
92
13
00
00
8A
13
00
00
7C
15
00
E4
71
14
00
D6
64
14
00
CA
5A
14
00
C0
4C
14
00
B4
42
14
00
AC
36
14
00
A6
2C
14
00
9A
20
14
00
8E
14
14
00
80
08
14
00
76
01
14
00
6C
00
14
00
5E
00
14
00
52
00
10
00
46
00
10
00
3A
00
10
00
30
EC
10
00
24
E0
13
00
16
D4
13
00
0A
C8
13
00
02
C0
13
00
00
B4
13
00
00
AC
13
00
00
A6
13
00
00
9A
13
00
00
90
13
00
00
84
15
00
EC
7A
15
00
E0
6E
14
00
D4
61
14
00
C8
56
14
00
BE
4A
14
00
B2
3E
14
00
AC
34
14
00
A4
28
14
00
98
1E
14
00
8C
12
14
00
80
06
14
00
74
00
14
00
66
00
14
00
5C
00
14
00
50
00
10
00
44
00
10
00
38
00
10
00
2C
EA
10
00
20
DE
13
00
14
D4
13
00
0A
C8
13
00
02
BC
13
00
00
B2
13
00
00
AC
13
00
00
A4
13
00
00
98
13
00
00
8D
13
00
00
80
15
00
E8
74
14
00
DA
6A
14
00
D0
5E
14
00
C4
52
14
00
B8
46
14
00
AC
3A
14
00
AA
30
14
00
A0
24
14
00
90
18
14
00
86
0C
14
00
7A
02
14
00
6E
00
14
00
62
00
14
00
56
00
14
00
4A
00
10
00
3E
00
10
00
32
00
10
00
28
E6
13
00
1E
DA
13
00
10
CE
17
00
06
C4
13
00
00
B8
13
00
00
AC
13
00
00
AA
13
00
00
A0
13
00
00
92
13
00
00
8A
13
00
00
7C
15
00
E4
70
14
00
D6
64
14
00
CA
5A
14
00
C2
4E
14
00
B6
42
14
00
AC
38
14
00
A6
2E
14
00
9E
21
14
00
90
16
14
00
84
0A
14
00
78
02
14
00
6C
00
14
00
60
00
14
00
56
00
14
00
48
00
10
00
3C
00
10
00
32
00
10
00
24
E4
13
00
18
D6
13
00
0C
CA
17
00
03
C0
13
00
00
B4
13
00
00
AC
13
00
00
A6
13
00
00
9E
13
00
00
90
13
00
00
84
15
00
EC
7A
15
00
E0
6E
14
00
D4
60
14
00
C8
56
14
00
BE
4A
14
00
B2
3E
14
00
AC
32
14
00
A4
2A
14
00
98
1C
14
00
8C
12
14
00
80
06
14
00
74
01
14
00
6A
00
14
00
5C
00
14
00
50
00
10
00
46
00
10
00
3A
00
10
00
30
EC
10
00
22
DE
13
00
16
D4
13
00
0C
C8
13
00
02
BE
13
00
00
B2
13
00
00
AC
13
00
00
A6
13
00
00
98
13
00
00
8E
13
00
00
82
15
00
EA
76
14
00
DE
6C
14
00
D2
60
14
00
C8
54
14
00
BB
46
14
00
AE
3C
14
00
AC
31
14
00
A2
26
14
00
96
1A
14
00
8C
10
14
00
7E
04
14
00
72
00
14
00
64
00
14
00
5B
00
14
00
4E
00
10
00
42
00
10
00
36
00
10
00
2C
E8
10
00
20
DE
13
00
14
D4
13
00
08
C6
13
00
00
BA
13
00
00
AE
13
00
00
AC
13
00
00
A1
13
00
00
96
13
00
00
8C
13
00
00
7E
15
00
E4
72
14
00
D6
64
14
00
CA
5A
14
00
C2
4C
14
00
B4
42
14
00
AC
35
14
00
A4
2C
14
00
98
20
14
00
8E
14
14
00
80
08
14
00
76
01
14
00
6C
00
14
00
5E
00
14
00
54
00
10
00
46
00
10
00
3C
00
10
00
30
EC
10
00
24
E0
13
00
18
D4
13
00
0C
C9
17
00
02
C0
13
00
00
B4
13
00
00
AC
13
00
00
A8
13
00
00
9C
13
00
00
90
13
00
00
84
15
00
EC
7A
15
00
E0
6E
14
00
D4
60
14
00
C8
56
14
00
BE
4C
14
00
B4
3E
14
00
AC
34
14
00
A4
2A
14
00
98
1E
14
00
8C
12
14
00
80
08
14
00
74
01
14
00
6A
00
14
00
5E
00
14
00
52
00
10
00
44
00
10
00
3A
00
10
00
30
EC
10
00
22
E1
13
00
16
D4
13
00
0C
C8
13
00
02
BE
13
00
00
B4
13
00
00
AC
13
00
00
A4
13
00
00
9A
13
00
00
8E
13
00
00
82
15
00
EA
78
15
00
DE
6C
14
00
D2
60
14
00
C8
54
14
00
BC
49
14
00
AE
3E
14
00
AC
32
14
00
A2
28
14
00
98
1D
14
00
8C
10
14
00
80
06
14
00
74
00
14
00
64
00
14
00
5B
00
14
00
4F
00
10
00
44
00
10
00
36
00
10
00
2C
E8
10
00
20
DE
13
00
14
D2
13
00
08
C6
13
00
00
BA
13
00
00
AE
13
00
00
AC
13
00
00
A2
13
00
00
92
13
00
00
8A
13
00
00
7E
15
00
E4
72
14
00
D8
64
14
00
CC
5A
14
00
C2
4E
14
00
B4
42
14
00
AC
36
14
00
A8
2E
14
00
9A
21
14
00
90
14
14
00
82
09
14
00
78
02
14
00
6C
00
14
00
60
00
14
00
54
00
10
00
46
00
10
00
3C
00
10
00
30
EC
10
00
24
E2
13
00
18
D6
13
00
0C
CA
17
00
03
C0
13
00
00
B4
13
00
00
AC
13
00
00
A6
13
00
00
9E
13
00
00
90
13
00
00
86
15
00
EC
78
15
00
E0
6E
14
00
D4
61
14
00
C8
56
14
00
BE
4A
14
00
B2
3E
14
00
AC
34
14
00
A4
2A
14
00
98
1E
14
00
8C
12
14
00
80
06
14
00
74
01
14
00
6A
00
14
00
5C
00
14
00
52
00
10
00
46
00
10
00
3A
00
10
00
30
EC
10
00
24
E0
13
00
18
D4
13
00
0C
CA
17
00
02
C0
13
00
00
B4
13
00
00
AC
13
00
00
A8
13
00
00
9E
13
00
00
90
13
00
00
84
15
00
EC
7A
15
00
E0
6E
14
00
D4
60
14
00
C8
55
14
00
BE
4A
14
00
B2
3E
14
00
AC
34
14
00
A4
2A
14
00
98
1E
14
00
8C
12
14
00
80
08
14
00
74
00
14
00
6A
00
14
00
5C
00
14
00
52
00
10
00
46
00
10
00
3A
00
10
00
2E
EC
10
00
22
E0
13
00
16
D4
13
00
0A
C8
13
00
02
BE
13
00
00
B2
13
00
00
AC
13
00
00
A6
13
00
00
98
13
00
00
8D
13
00
00
81
15
00
E8
76
14
00
DC
6C
14
00
D2
60
14
00
C6
54
14
00
BA
47
14
00
AE
3C
14
00
AC
30
14
00
A0
26
14
00
92
18
14
00
8A
0C
14
00
7C
03
14
00
70
00
14
00
64
00
14
00
58
00
14
00
4C
00
10
00
40
00
10
00
36
00
10
00
2A
E8
10
00
1E
DC
13
00
12
D0
17
00
06
C5
13
00
00
BA
13
00
00
AE
13
00
00
AC
13
00
00
A2
13
00
00
96
13
00
00
8C
13
00
00
7E
15
00
E4
74
14
00
D8
69
14
00
CE
5C
14
00
C4
50
14
00
B6
43
14
00
AC
38
14
00
A8
2C
14
00
9E
22
14
00
90
16
14
00
82
0A
14
00
78
02
14
00
6C
00
14
00
60
00
14
00
54
00
10
00
48
00
10
00
3C
00
10
00
30
00
10
00
26
E4
13
00
18
D6
13
00
0C
CA
17
00
03
C1
13
00
00
B4
13
00
00
AC
13
00
00
A6
13
00
00
9A
13
00
00
90
13
00
00
82
15
00
EA
78
15
00
DE
6E
14
00
D4
60
14
00
C8
54
14
00
BE
49
14
00
B0
3C
14
00
AC
32
14
00
A4
28
14
00
96
1A
14
00
8C
12
14
00
80
06
14
00
74
00
14
00
64
00
14
00
5C
00
14
00
4E
00
10
00
42
00
10
00
38
00
10
00
2C
EA
10
00
20
DE
13
00
14
D4
13
00
0A
C8
13
00
00
BC
13
00
00
B2
13
00
00
AC
13
00
00
A4
13
00
00
98
13
00
00
8D
13
00
00
80
15
00
E8
74
14
00
DC
69
14
00
D0
5E
14
00
C4
50
14
00
B8
44
14
00
AC
3A
14
00
AA
30
14
00
A0
24
14
00
90
18
14
00
86
0C
14
00
7C
03
14
00
70
00
14
00
62
00
14
00
56
00
14
00
4A
00
10
00
3C
00
10
00
32
00
10
00
28
E4
13
00
1A
D9
13
00
10
CE
17
00
04
C2
13
00
00
B6
13
00
00
AC
13
00
00
A8
13
00
00
A0
13
00
00
91
13
00
00
86
15
00
EC
7C
15
00
E2
70
14
00
D6
62
14
00
CA
59
14
00
C0
4C
14
00
B2
42
14
00
AC
36
14
00
A4
2C
14
00
98
1E
14
00
8C
14
14
00
80
08
14
00
74
01
14
00
6A
00
14
00
5C
00
14
00
52
00
10
00
46
00
10
00
3A
00
10
00
30
EB
10
00
22
E0
13
00
16
D4
13
00
0A
C8
13
00
02
BE
13
00
00
B2
13
00
00
AC
13
00
00
A4
13
00
00
9A
13
00
00
8E
13
00
00
82
15
00
EA
76
15
00
DE
6C
14
00
D2
60
14
00
C8
54
14
00
BB
48
14
00
AE
3C
14
00
AC
32
14
00
A2
28
14
00
96
1A
14
00
8C
12
14
00
80
06
14
00
74
00
14
00
64
00
14
00
5C
00
14
00
4E
00
10
00
42
00
10
00
36
00
10
00
2C
E8
10
00
20
DE
13
00
14
D2
17
00
08
C6
13
00
00
BA
13
00
00
AE
13
00
00
AC
13
00
00
A3
13
00
00
97
13
00
00
8C
13
00
00
80
15
00
E6
74
14
00
DA
6A
14
00
CE
5C
14
00
C4
50
14
00
B8
44
14
00
AC
3A
14
00
A8
2E
14
00
9E
22
14
00
90
16
14
00
84
0C
14
00
7A
02
14
00
6C
00
14
00
60
00
14
00
54
00
14
00
48
00
10
00
3E
00
10
00
34
00
10
00
28
E4
13
00
1C
DA
13
00
10
CE
17
00
06
C4
13
00
00
B8
13
00
00
AC
13
00
00
AA
13
00
00
A1
13
00
00
92
13
00
00
8A
15
00
00
7C
15
00
E2
70
14
00
D6
62
14
00
CA
5A
14
00
C0
4C
14
00
B4
40
14
00
AC
36
14
00
A6
2C
14
00
9A
20
14
00
8E
14
14
00
82
08
14
00
76
02
14
00
6C
00
14
00
60
00
14
00
54
00
10
00
46
00
10
00
3C
00
10
00
30
EC
10
00
24
E2
13
00
18
D6
13
00
0C
CA
17
00
03
C0
13
00
00
B4
13
00
00
AC
13
00
00
A8
13
00
00
9E
13
00
00
90
13
00
00
85
15
00
EA
78
15
00
E0
6E
14
00
D4
60
14
00
C8
54
14
00
BE
4A
14
00
B2
3E
14
00
AC
34
14
00
A4
2A
14
00
98
1D
14
00
8C
12
14
00
80
08
14
00
74
00
14
00
66
00
14
00
5C
00
14
00
4E
00
10
00
44
00
10
00
38
00
10
00
2E
EA
10
00
20
DE
13
00
14
D4
13
00
08
C8
13
00
00
BC
13
00
00
B2
13
00
00
AC
13
00
00
A4
13
00
00
98
13
00
00
8E
13
00
00
80
15
00
E8
76
14
00
DC
6C
14
00
D0
5E
14
00
C6
52
14
00
BA
47
14
00
AE
3C
14
00
AC
30
14
00
A2
28
14
00
96
1A
14
00
8C
10
14
00
7E
04
14
00
72
00
14
00
64
00
14
00
5A
00
14
00
4E
00
10
00
42
00
10
00
36
00
10
00
2C
E8
10
00
1E
DC
13
00
14
D2
13
00
08
C4
13
00
00
BA
13
00
00
AE
13
00
00
AC
13
00
00
A2
13
00
00
96
13
00
00
8C
13
00
00
80
15
00
E6
74
14
00
DA
66
14
00
CE
5C
14
00
C4
50
14
00
B6
43
14
00
AC
3A
14
00
A8
2E
14
00
A0
24
14
00
90
18
14
00
86
0C
14
00
7A
03
14
00
70
00
14
00
62
00
14
00
56
00
14
00
4A
00
10
00
3E
00
10
00
32
00
10
00
28
E4
13
00
1A
D9
13
00
0E
CE
17
00
04
C2
13
00
00
B7
13
00
00
AC
13
00
00
A8
13
00
00
A0
13
00
00
91
13
00
00
89
15
00
EC
7C
15
00
E2
70
14
00
D4
62
14
00
CA
58
14
00
BE
4C
14
00
B4
40
14
00
AC
35
14
00
A4
2B
14
00
98
20
14
00
8C
12
14
00
80
06
14
00
74
01
14
00
6A
00
14
00
5C
00
14
00
52
00
10
00
46
00
10
00
3A
00
10
00
30
EC
10
00
22
E0
13
00
16
D4
13
00
0C
C9
17
00
02
BE
13
00
00
B4
13
00
00
AC
13
00
00
A6
13
00
00
9A
13
00
00
8E
13
00
00
82
15
00
EA
76
15
00










